  #     beta     phi_d     phi_m   phi_m_small     phi_m_smoomth_x     phi_m_smoomth_y     phi_m_smoomth_z      phi
   1 1.4400e+03 9.1516e+03 1.4680e+00 1.3951e+00 3.0257e-02 4.2693e-02  0.0000e+00  1.4804e+04
   2 4.8001e+02 8.5567e+03 1.8076e+00 1.7253e+00 3.0996e-02 5.1376e-02  0.0000e+00  1.1266e+04
   3 4.8001e+02 4.2550e+03 6.6444e+00 6.3171e+00 1.3934e-01 1.8804e-01  0.0000e+00  9.4244e+03
   4 1.6000e+02 3.7409e+03 7.5592e+00 7.1973e+00 1.4819e-01 2.1371e-01  0.0000e+00  7.4444e+03
   5 1.6000e+02 1.1884e+03 1.5967e+01 1.5006e+01 4.7538e-01 4.8504e-01  0.0000e+00  4.9503e+03
   6 5.3334e+01 1.1274e+03 1.6162e+01 1.5167e+01 4.7613e-01 5.1868e-01  0.0000e+00  3.7431e+03
   7 5.3334e+01 4.5666e+02 2.3002e+01 2.1218e+01 9.4813e-01 8.3527e-01  0.0000e+00  1.9893e+03
   8 1.7778e+01 4.3055e+02 2.2813e+01 2.1044e+01 9.1481e-01 8.5391e-01  0.0000e+00  1.6834e+03
   9 1.7778e+01 2.7058e+02 2.7420e+01 2.4986e+01 1.3288e+00 1.1052e+00  0.0000e+00  8.3612e+02
  10 5.9260e+00 2.3381e+02 2.7995e+01 2.5437e+01 1.3718e+00 1.1863e+00  0.0000e+00  7.5806e+02
  11 5.9260e+00 1.9140e+02 3.1347e+01 2.8312e+01 1.6539e+00 1.3811e+00  0.0000e+00  3.9970e+02
