  #     beta     phi_d     phi_m   phi_m_small     phi_m_smoomth_x     phi_m_smoomth_y     phi_m_smoomth_z      phi
   1 8.7816e+03 2.2297e+04 2.5088e-04 7.1281e-08 2.0102e-09 2.9763e-09  0.0000e+00  2.2301e+04
   2 2.9272e+03 2.2297e+04 1.2828e-04 6.7359e-08 2.1512e-09 3.1500e-09  0.0000e+00  2.2299e+04
   3 2.9272e+03 2.2296e+04 2.5699e-04 1.0144e-07 3.4489e-09 4.9873e-09  0.0000e+00  2.2297e+04
   4 9.7574e+02 2.2295e+04 1.3485e-04 1.0988e-07 3.8055e-09 5.4794e-09  0.0000e+00  2.2296e+04
   5 9.7574e+02 2.2276e+04 1.0552e-02 2.2135e-06 6.4206e-08 9.9469e-08  0.0000e+00  2.2296e+04
   6 3.2525e+02 2.2275e+04 3.6734e-03 2.2104e-06 6.7018e-08 1.0356e-07  0.0000e+00  2.2286e+04
   7 3.2525e+02 2.2217e+04 9.3547e-02 2.4559e-05 6.7047e-07 1.1702e-06  0.0000e+00  2.2277e+04
   8 1.0842e+02 2.2215e+04 2.2745e-02 2.4840e-05 6.9032e-07 1.2035e-06  0.0000e+00  2.2247e+04
   9 1.0842e+02 2.2082e+04 6.4775e-01 1.6271e-04 3.3573e-06 6.9284e-06  0.0000e+00  2.2218e+04
  10 3.6138e+01 2.2078e+04 2.8194e-01 1.6401e-04 3.5782e-06 7.4222e-06  0.0000e+00  2.2152e+04
  11 3.6138e+01 2.1898e+04 2.6160e+00 5.5102e-04 9.6809e-06 2.3995e-05  0.0000e+00  2.2088e+04
  12 1.2046e+01 2.1883e+04 6.6345e-01 5.8430e-04 1.0283e-05 2.5693e-05  0.0000e+00  2.1992e+04
  13 1.2046e+01 2.0071e+04 7.4060e+01 1.8256e-02 1.9432e-04 6.2682e-04  0.0000e+00  2.1891e+04
  14 4.0154e+00 2.0049e+04 2.9875e+01 1.8370e-02 1.9765e-04 6.4253e-04  0.0000e+00  2.0963e+04
  15 4.0154e+00 1.7600e+04 3.0105e+02 8.9275e-02 8.5490e-04 2.6477e-03  0.0000e+00  2.0169e+04
  16 1.3385e+00 1.7530e+04 9.5951e+01 9.0925e-02 8.6816e-04 2.7091e-03  0.0000e+00  1.8809e+04
  17 1.3385e+00 1.4930e+04 9.2579e+02 2.4573e-01 2.2562e-03 6.0753e-03  0.0000e+00  1.7659e+04
  18 4.4615e-01 1.4842e+04 2.6578e+02 2.4879e-01 2.2679e-03 6.1891e-03  0.0000e+00  1.6170e+04
  19 4.4615e-01 9.9014e+03 4.3140e+03 1.0663e+00 1.2788e-02 3.0731e-02  0.0000e+00  1.4961e+04
  20 1.4872e-01 9.7705e+03 1.3694e+03 1.0527e+00 1.0525e-02 2.9865e-02  0.0000e+00  1.1826e+04
  21 1.4872e-01 8.5153e+03 4.4064e+03 1.3933e+00 1.5269e-02 4.3634e-02  0.0000e+00  9.9742e+03
  22 4.9573e-02 8.2657e+03 1.6520e+03 1.4512e+00 1.5473e-02 4.5940e-02  0.0000e+00  9.1706e+03
  23 4.9573e-02 4.7715e+03 2.6349e+04 3.8297e+00 6.5372e-02 1.4885e-01  0.0000e+00  8.3476e+03
  24 1.6524e-02 4.6169e+03 8.0154e+03 3.7159e+00 5.7484e-02 1.4632e-01  0.0000e+00  6.0777e+03
  25 1.6524e-02 2.5654e+03 3.6052e+04 5.8228e+00 1.5337e-01 3.4094e-01  0.0000e+00  4.7493e+03
  26 5.5081e-03 2.3358e+03 1.5300e+04 5.8587e+00 1.5345e-01 3.4627e-01  0.0000e+00  3.1611e+03
  27 5.5081e-03 1.6505e+03 4.0108e+04 7.8459e+00 3.1199e-01 5.4309e-01  0.0000e+00  2.4201e+03
