  #     beta     phi_d     phi_m   phi_m_small     phi_m_smoomth_x     phi_m_smoomth_y     phi_m_smoomth_z      phi
   1 1.8844e+03 1.4034e+04 1.4219e+00 1.3621e+00 2.8917e-02 3.0953e-02  0.0000e+00  2.2434e+04
   2 6.2813e+02 1.3790e+04 1.5152e+00 1.4535e+00 2.7530e-02 3.4100e-02  0.0000e+00  1.6713e+04
   3 6.2813e+02 9.0461e+03 5.7845e+00 5.4971e+00 1.3719e-01 1.5025e-01  0.0000e+00  1.4742e+04
   4 2.0938e+02 8.2363e+03 6.9230e+00 6.5930e+00 1.5234e-01 1.7770e-01  0.0000e+00  1.2679e+04
   5 2.0938e+02 3.3503e+03 1.9107e+01 1.7953e+01 6.0982e-01 5.4434e-01  0.0000e+00  9.6859e+03
   6 6.9792e+01 2.7449e+03 2.1635e+01 2.0384e+01 6.2474e-01 6.2605e-01  0.0000e+00  7.3509e+03
   7 6.9792e+01 1.1084e+03 3.4633e+01 3.2069e+01 1.3885e+00 1.1762e+00  0.0000e+00  4.2548e+03
   8 2.3264e+01 8.7858e+02 3.5796e+01 3.3269e+01 1.2820e+00 1.2453e+00  0.0000e+00  3.5256e+03
   9 2.3264e+01 4.5268e+02 4.4505e+01 4.0803e+01 1.9168e+00 1.7855e+00  0.0000e+00  1.7113e+03
  10 7.7546e+00 3.4679e+02 4.5519e+01 4.1794e+01 1.9302e+00 1.7945e+00  0.0000e+00  1.4880e+03
  11 7.7546e+00 2.3998e+02 5.1390e+01 4.6885e+01 2.2845e+00 2.2198e+00  0.0000e+00  6.9977e+02
  12 2.5849e+00 2.1770e+02 5.1567e+01 4.7062e+01 2.1979e+00 2.3066e+00  0.0000e+00  6.3849e+02
  13 2.5849e+00 1.8537e+02 5.5993e+01 5.0977e+01 2.3932e+00 2.6222e+00  0.0000e+00  3.5099e+02
