  #     beta     phi_d     phi_m   phi_m_small     phi_m_smoomth_x     phi_m_smoomth_y     phi_m_smoomth_z      phi
   1 1.7032e+03 1.0827e+04 1.1282e+00 1.0761e+00 2.0208e-02 3.1824e-02  0.0000e+00  1.5726e+04
   2 5.6772e+02 1.0327e+04 1.3728e+00 1.3152e+00 1.9710e-02 3.7829e-02  0.0000e+00  1.2748e+04
   3 5.6772e+02 5.8118e+03 5.7442e+00 5.4967e+00 9.1165e-02 1.5634e-01  0.0000e+00  1.1106e+04
   4 1.8924e+02 5.1069e+03 6.7663e+00 6.4937e+00 9.2843e-02 1.7969e-01  0.0000e+00  9.0729e+03
   5 1.8924e+02 1.6611e+03 1.6300e+01 1.5529e+01 3.2443e-01 4.4621e-01  0.0000e+00  6.3873e+03
   6 6.3080e+01 1.5361e+03 1.6686e+01 1.5906e+01 3.0530e-01 4.7419e-01  0.0000e+00  4.7457e+03
   7 6.3080e+01 5.8903e+02 2.4800e+01 2.3328e+01 6.8660e-01 7.8559e-01  0.0000e+00  2.5886e+03
   8 2.1027e+01 5.6898e+02 2.4320e+01 2.2871e+01 6.5507e-01 7.9457e-01  0.0000e+00  2.1534e+03
   9 2.1027e+01 2.9383e+02 3.0029e+01 2.7938e+01 1.0220e+00 1.0683e+00  0.0000e+00  1.0804e+03
  10 7.0089e+00 2.6383e+02 3.0245e+01 2.8066e+01 1.0295e+00 1.1490e+00  0.0000e+00  9.2523e+02
  11 7.0089e+00 2.0718e+02 3.3517e+01 3.0963e+01 1.2447e+00 1.3094e+00  0.0000e+00  4.7581e+02
