  #     beta     phi_d     phi_m   phi_m_small     phi_m_smoomth_x     phi_m_smoomth_y     phi_m_smoomth_z      phi
   1 9.9229e+03 3.8713e+10 8.9891e+03 3.4007e+03 2.5352e+03 3.0533e+03  0.0000e+00  1.5197e+11
   2 3.3076e+03 1.9518e+10 1.3647e+04 5.1386e+03 3.7875e+03 4.7214e+03  0.0000e+00  3.8802e+10
   3 3.3076e+03 7.1657e+09 2.3427e+04 8.4992e+03 6.8103e+03 8.1170e+03  0.0000e+00  1.9563e+10
   4 1.1025e+03 3.6125e+09 3.2897e+04 1.1418e+04 9.4163e+03 1.2063e+04  0.0000e+00  7.2432e+09
   5 1.1025e+03 2.7112e+09 3.7909e+04 1.2932e+04 1.0985e+04 1.3992e+04  0.0000e+00  3.6487e+09
   6 3.6752e+02 1.1694e+09 4.6457e+04 1.5536e+04 1.3521e+04 1.7400e+04  0.0000e+00  2.7530e+09
   7 3.6752e+02 9.0905e+08 5.3539e+04 1.7774e+04 1.5654e+04 2.0111e+04  0.0000e+00  1.1864e+09
   8 1.2251e+02 7.6039e+08 5.9216e+04 1.9786e+04 1.7077e+04 2.2353e+04  0.0000e+00  9.2873e+08
   9 1.2251e+02 6.8850e+08 7.4721e+04 2.6456e+04 2.0630e+04 2.7635e+04  0.0000e+00  7.6764e+08
  10 4.0835e+01 6.5344e+08 7.9071e+04 2.8381e+04 2.1436e+04 2.9253e+04  0.0000e+00  6.9766e+08
  11 4.0835e+01 6.3053e+08 1.2641e+05 4.7134e+04 3.5258e+04 4.4020e+04  0.0000e+00  6.5667e+08
  12 1.3612e+01 6.1323e+08 1.2748e+05 4.8028e+04 3.5570e+04 4.3878e+04  0.0000e+00  6.3569e+08
  13 1.3612e+01 6.0086e+08 1.4352e+05 5.4396e+04 4.0817e+04 4.8303e+04  0.0000e+00  6.1497e+08
  14 4.5372e+00 5.8117e+08 1.6544e+05 6.2934e+04 4.7883e+04 5.4621e+04  0.0000e+00  6.0281e+08
  15 4.5372e+00 5.6955e+08 2.2776e+05 8.7110e+04 6.8082e+04 7.2567e+04  0.0000e+00  5.8192e+08
  16 1.5124e+00 5.6559e+08 2.6528e+05 1.0350e+05 7.9053e+04 8.2725e+04  0.0000e+00  5.7058e+08
  17 1.5124e+00 5.6068e+08 3.4152e+05 1.3692e+05 1.0028e+05 1.0432e+05  0.0000e+00  5.6599e+08
  18 5.0414e-01 5.5776e+08 5.5649e+05 2.2273e+05 1.5826e+05 1.7550e+05  0.0000e+00  5.6120e+08
  19 5.0414e-01 5.5404e+08 7.4804e+05 2.9285e+05 2.1225e+05 2.4294e+05  0.0000e+00  5.5804e+08
  20 1.6805e-01 5.4592e+08 1.1477e+06 4.4652e+05 3.1714e+05 3.8405e+05  0.0000e+00  5.5441e+08
  21 1.6805e-01 5.3448e+08 1.7281e+06 6.4110e+05 4.7378e+05 6.1321e+05  0.0000e+00  5.4611e+08
  22 5.6015e-02 5.3303e+08 1.9806e+06 7.2850e+05 5.3736e+05 7.1470e+05  0.0000e+00  5.3477e+08
  23 5.6015e-02 5.3272e+08 2.3208e+06 8.4101e+05 6.2279e+05 8.5704e+05  0.0000e+00  5.3314e+08
  24 1.8672e-02 5.3199e+08 2.8915e+06 1.0294e+06 7.6949e+05 1.0926e+06  0.0000e+00  5.3285e+08
  25 1.8672e-02 5.2482e+08 4.8149e+06 1.6522e+06 1.2671e+06 1.8956e+06  0.0000e+00  5.3205e+08
  26 6.2239e-03 5.2056e+08 1.1051e+07 3.6567e+06 2.9134e+06 4.4813e+06  0.0000e+00  5.2491e+08
  27 6.2239e-03 5.1333e+08 1.4475e+07 4.7481e+06 3.8337e+06 5.8928e+06  0.0000e+00  5.2063e+08
  28 2.0746e-03 5.0981e+08 2.1803e+07 7.0333e+06 5.8807e+06 8.8889e+06  0.0000e+00  5.1342e+08
  29 2.0746e-03 5.0791e+08 3.3250e+07 1.0433e+07 9.0294e+06 1.3787e+07  0.0000e+00  5.0985e+08
  30 6.9154e-04 5.0699e+08 4.5821e+07 1.4178e+07 1.2616e+07 1.9027e+07  0.0000e+00  5.0798e+08
  31 6.9154e-04 5.0271e+08 1.6919e+08 4.8755e+07 4.7474e+07 7.2957e+07  0.0000e+00  5.0702e+08
  32 2.3051e-04 4.9948e+08 3.0506e+08 8.8807e+07 9.5520e+07 1.2073e+08  0.0000e+00  5.0283e+08
  33 2.3051e-04 4.9542e+08 4.4245e+08 1.2545e+08 1.3623e+08 1.8077e+08  0.0000e+00  4.9955e+08
  34 7.6838e-05 4.9487e+08 4.7876e+08 1.3547e+08 1.4677e+08 1.9653e+08  0.0000e+00  4.9553e+08
  35 7.6838e-05 4.9401e+08 5.6105e+08 1.5705e+08 1.6948e+08 2.3453e+08  0.0000e+00  4.9490e+08
  36 2.5613e-05 4.8916e+08 1.4837e+09 3.9572e+08 4.2673e+08 6.6124e+08  0.0000e+00  4.9405e+08
  37 2.5613e-05 4.8322e+08 2.2448e+09 5.7307e+08 5.9468e+08 1.0770e+09  0.0000e+00  4.8920e+08
  38 8.5376e-06 4.8251e+08 3.4760e+09 9.3520e+08 9.0999e+08 1.6308e+09  0.0000e+00  4.8327e+08
  39 8.5376e-06 4.7914e+08 5.2451e+09 1.4026e+09 1.4646e+09 2.3778e+09  0.0000e+00  4.8254e+08
  40 2.8459e-06 4.7782e+08 5.6803e+09 1.5352e+09 1.5786e+09 2.5665e+09  0.0000e+00  4.7919e+08
