  #     beta     phi_d     phi_m   phi_m_small     phi_m_smoomth_x     phi_m_smoomth_y     phi_m_smoomth_z      phi
   1 1.3234e+03 1.1800e+04 2.2321e+00 1.9818e+00 1.2746e-01 1.2287e-01  0.0000e+00  2.2434e+04
   2 4.4113e+02 6.4434e+03 2.3846e+00 2.1334e+00 1.0913e-01 1.4211e-01  0.0000e+00  1.4754e+04
   3 4.4113e+02 2.2497e+03 5.7305e+00 5.1210e+00 2.7257e-01 3.3689e-01  0.0000e+00  7.4954e+03
   4 1.4704e+02 1.9458e+03 5.7214e+00 5.1879e+00 2.2173e-01 3.1179e-01  0.0000e+00  4.7776e+03
   5 1.4704e+02 1.3784e+03 9.3095e+00 8.3466e+00 4.0748e-01 5.5542e-01  0.0000e+00  2.7871e+03
   6 4.9015e+01 7.3890e+02 9.5520e+00 8.5342e+00 4.3655e-01 5.8123e-01  0.0000e+00  2.7473e+03
   7 4.9015e+01 4.0973e+02 1.2635e+01 1.1130e+01 6.4281e-01 8.6179e-01  0.0000e+00  1.2071e+03
   8 1.6338e+01 3.9744e+02 1.2607e+01 1.1110e+01 6.3749e-01 8.5873e-01  0.0000e+00  1.0290e+03
   9 1.6338e+01 3.4966e+02 1.3185e+01 1.1590e+01 6.7875e-01 9.1588e-01  0.0000e+00  6.0341e+02
  10 5.4461e+00 3.0762e+02 1.3662e+01 1.1984e+01 7.1370e-01 9.6348e-01  0.0000e+00  5.6507e+02
  11 5.4461e+00 2.2317e+02 1.7447e+01 1.5121e+01 9.9796e-01 1.3281e+00  0.0000e+00  3.8202e+02
  12 1.8154e+00 1.9014e+02 1.7201e+01 1.4886e+01 9.9490e-01 1.3209e+00  0.0000e+00  3.1819e+02
