  #     beta     phi_d     phi_m   phi_m_small     phi_m_smoomth_x     phi_m_smoomth_y     phi_m_smoomth_z      phi
   1 1.8789e-03 1.5738e+04 5.3415e+02 2.9658e+02 1.1869e+02 1.1889e+02  0.0000e+00  2.1943e+04
   2 6.2632e-04 1.3092e+04 3.1191e+03 1.6048e+03 7.3353e+02 7.8079e+02  0.0000e+00  1.5739e+04
   3 6.2632e-04 9.4231e+03 5.1974e+03 2.7271e+03 1.1656e+03 1.3047e+03  0.0000e+00  1.3094e+04
   4 2.0877e-04 3.5428e+03 1.7733e+04 8.1420e+03 4.1475e+03 5.4437e+03  0.0000e+00  9.4263e+03
   5 2.0877e-04 1.2942e+03 3.5557e+04 1.5646e+04 8.6750e+03 1.1236e+04  0.0000e+00  3.5465e+03
   6 6.9591e-05 4.1190e+02 6.8076e+04 2.9881e+04 1.6906e+04 2.1290e+04  0.0000e+00  1.3016e+03
   7 6.9591e-05 2.7240e+02 1.1328e+05 4.9782e+04 2.8643e+04 3.4851e+04  0.0000e+00  4.1664e+02
   8 2.3197e-05 2.2932e+02 1.1907e+05 5.2293e+04 3.0080e+04 3.6697e+04  0.0000e+00  2.8028e+02
   9 2.3197e-05 2.2527e+02 1.7658e+05 7.7543e+04 4.6236e+04 5.2804e+04  0.0000e+00  2.3208e+02
  10 7.7323e-06 1.8614e+02 1.9202e+05 8.4176e+04 4.9957e+04 5.7892e+04  0.0000e+00  2.2937e+02
