  #     beta     phi_d     phi_m   phi_m_small     phi_m_smoomth_x     phi_m_smoomth_y     phi_m_smoomth_z      phi
   1 1.3366e+03 1.2831e+04 2.0815e+00 1.9758e+00 4.7547e-02 5.8086e-02  0.0000e+00  2.3136e+04
   2 4.4553e+02 1.1670e+04 2.5276e+00 2.3935e+00 5.4905e-02 7.9203e-02  0.0000e+00  1.5613e+04
   3 4.4553e+02 5.9851e+03 9.2325e+00 8.6521e+00 2.3722e-01 3.4320e-01  0.0000e+00  1.2796e+04
   4 1.4851e+02 5.5607e+03 9.5425e+00 8.9794e+00 2.0650e-01 3.5653e-01  0.0000e+00  1.0098e+04
   5 1.4851e+02 1.5709e+03 2.1487e+01 1.9938e+01 6.1080e-01 9.3751e-01  0.0000e+00  6.9778e+03
   6 4.9503e+01 1.5254e+03 2.1319e+01 1.9789e+01 5.8736e-01 9.4253e-01  0.0000e+00  4.7619e+03
   7 4.9503e+01 4.7766e+02 3.0916e+01 2.8124e+01 1.1829e+00 1.6083e+00  0.0000e+00  2.5807e+03
   8 1.6501e+01 4.7872e+02 3.0199e+01 2.7465e+01 1.0341e+00 1.6994e+00  0.0000e+00  2.0081e+03
   9 1.6501e+01 2.6298e+02 3.6383e+01 3.2617e+01 1.5259e+00 2.2406e+00  0.0000e+00  9.7704e+02
  10 5.5004e+00 2.4713e+02 3.6227e+01 3.2400e+01 1.4786e+00 2.3481e+00  0.0000e+00  8.6335e+02
  11 5.5004e+00 1.9416e+02 4.0733e+01 3.6159e+01 1.7849e+00 2.7895e+00  0.0000e+00  4.4639e+02
