  #     beta     phi_d     phi_m   phi_m_small     phi_m_smoomth_x     phi_m_smoomth_y     phi_m_smoomth_z      phi
   1 1.7590e+03 1.2465e+04 1.5109e+00 1.4291e+00 3.6780e-02 4.4999e-02  0.0000e+00  2.2434e+04
   2 5.8633e+02 1.1702e+04 1.7527e+00 1.6479e+00 4.2685e-02 6.2168e-02  0.0000e+00  1.5123e+04
   3 5.8633e+02 5.7496e+03 6.7675e+00 6.2408e+00 2.2011e-01 3.0656e-01  0.0000e+00  1.2730e+04
   4 1.9544e+02 5.5717e+03 6.6580e+00 6.1650e+00 1.9870e-01 2.9421e-01  0.0000e+00  9.7175e+03
   5 1.9544e+02 1.5684e+03 1.5525e+01 1.4182e+01 5.6560e-01 7.7725e-01  0.0000e+00  6.8729e+03
   6 6.5148e+01 1.5192e+03 1.5338e+01 1.3988e+01 5.6352e-01 7.8617e-01  0.0000e+00  4.6026e+03
   7 6.5148e+01 5.7136e+02 2.2672e+01 2.0332e+01 1.0344e+00 1.3053e+00  0.0000e+00  2.5184e+03
   8 2.1716e+01 5.3327e+02 2.2318e+01 1.9979e+01 9.7587e-01 1.3638e+00  0.0000e+00  2.0484e+03
   9 2.1716e+01 2.8695e+02 2.8011e+01 2.4841e+01 1.3701e+00 1.8000e+00  0.0000e+00  1.0179e+03
  10 7.2386e+00 2.7638e+02 2.7858e+01 2.4701e+01 1.3253e+00 1.8317e+00  0.0000e+00  8.9524e+02
  11 7.2386e+00 2.0837e+02 3.2468e+01 2.8637e+01 1.6047e+00 2.2261e+00  0.0000e+00  4.7803e+02
