  #     beta     phi_d     phi_m   phi_m_small     phi_m_smoomth_x     phi_m_smoomth_y     phi_m_smoomth_z      phi
   1 9.3615e+03 2.6325e+05 9.9095e-04 1.2244e-07 3.0274e-09 4.1950e-09  0.0000e+00  2.6327e+05
   2 9.3615e+03 2.6325e+05 5.1401e-04 1.4719e-07 4.2833e-09 6.9750e-09  0.0000e+00  2.6326e+05
   3 3.1205e+03 2.6324e+05 7.2008e-04 2.2403e-07 6.2117e-09 1.1635e-08  0.0000e+00  2.6325e+05
   4 3.1205e+03 2.6318e+05 1.2443e-02 2.7298e-06 6.8998e-08 1.2496e-07  0.0000e+00  2.6325e+05
   5 3.1205e+03 2.6319e+05 6.8150e-03 3.0805e-06 8.2726e-08 1.6829e-07  0.0000e+00  2.6322e+05
   6 1.0402e+03 2.6317e+05 8.4571e-03 4.0688e-06 1.0485e-07 2.3685e-07  0.0000e+00  2.6321e+05
   7 1.0402e+03 2.6301e+05 1.0654e-01 2.6032e-05 6.2082e-07 1.2652e-06  0.0000e+00  2.6318e+05
   8 1.0402e+03 2.6302e+05 6.1568e-02 2.9226e-05 7.4324e-07 1.6139e-06  0.0000e+00  2.6312e+05
   9 3.4672e+02 2.6298e+05 7.4169e-02 3.7629e-05 9.3911e-07 2.1859e-06  0.0000e+00  2.6308e+05
  10 3.4672e+02 2.6251e+05 8.7857e-01 2.2378e-04 5.4597e-06 1.0996e-05  0.0000e+00  2.6301e+05
  11 3.4672e+02 2.6252e+05 5.5637e-01 2.4274e-04 6.1133e-06 1.2782e-05  0.0000e+00  2.6282e+05
  12 1.1557e+02 2.6246e+05 5.9029e-01 3.0339e-04 7.6507e-06 1.6841e-05  0.0000e+00  2.6272e+05
  13 1.1557e+02 2.6156e+05 5.0353e+00 1.1664e-03 2.8565e-05 5.5065e-05  0.0000e+00  2.6252e+05
  14 1.1557e+02 2.6154e+05 3.0077e+00 1.3152e-03 3.3821e-05 6.6073e-05  0.0000e+00  2.6214e+05
  15 3.8525e+01 2.6132e+05 3.5888e+00 1.7546e-03 4.5282e-05 9.0223e-05  0.0000e+00  2.6188e+05
  16 3.8525e+01 2.5974e+05 2.5445e+01 5.1808e-03 1.3384e-04 2.3664e-04  0.0000e+00  2.6146e+05
  17 3.8525e+01 2.5960e+05 1.5158e+01 5.9995e-03 1.6223e-04 2.8803e-04  0.0000e+00  2.6072e+05
  18 1.2842e+01 2.5905e+05 2.0158e+01 8.2900e-03 2.2973e-04 4.0788e-04  0.0000e+00  2.6019e+05
  19 1.2842e+01 2.5600e+05 1.4145e+02 2.4876e-02 7.2170e-04 1.1691e-03  0.0000e+00  2.5931e+05
  20 1.2842e+01 2.5565e+05 8.0470e+01 2.8142e-02 8.8366e-04 1.4299e-03  0.0000e+00  2.5782e+05
  21 4.2805e+00 2.5406e+05 1.3298e+02 4.3481e-02 1.4622e-03 2.3475e-03  0.0000e+00  2.5669e+05
  22 4.2805e+00 2.4473e+05 1.1940e+03 2.1031e-01 8.9521e-03 1.2042e-02  0.0000e+00  2.5463e+05
  23 4.2805e+00 2.4319e+05 6.8293e+02 2.6540e-01 1.3660e-02 1.7492e-02  0.0000e+00  2.4984e+05
  24 1.4268e+00 2.3975e+05 9.3960e+02 3.6160e-01 2.0542e-02 2.4891e-02  0.0000e+00  2.4611e+05
  25 1.4268e+00 2.1287e+05 9.7442e+03 2.7951e+00 2.1018e-01 1.8022e-01  0.0000e+00  2.4109e+05
  26 1.4268e+00 2.1212e+05 5.4545e+03 2.8271e+00 2.9215e-01 2.2984e-01  0.0000e+00  2.2677e+05
  27 4.7561e-01 2.0218e+05 7.6907e+03 4.7438e+00 4.8396e-01 3.9191e-01  0.0000e+00  2.1990e+05
  28 4.7561e-01 1.9232e+05 1.6124e+04 8.5282e+00 8.9339e-01 7.0461e-01  0.0000e+00  2.0583e+05
  29 4.7561e-01 1.9299e+05 9.7440e+03 7.7820e+00 9.2551e-01 6.7502e-01  0.0000e+00  1.9999e+05
  30 1.5854e-01 1.9044e+05 1.0573e+04 9.1779e+00 1.1858e+00 8.9059e-01  0.0000e+00  1.9762e+05
  31 1.5854e-01 1.8554e+05 2.4230e+04 1.6149e+01 1.9551e+00 1.4031e+00  0.0000e+00  1.9212e+05
  32 1.5854e-01 1.8558e+05 1.5259e+04 1.4485e+01 1.9091e+00 1.3696e+00  0.0000e+00  1.8938e+05
  33 5.2846e-02 1.8451e+05 1.7266e+04 1.4663e+01 1.9946e+00 1.5205e+00  0.0000e+00  1.8799e+05
  34 5.2846e-02 1.8185e+05 4.5539e+04 2.6723e+01 3.3966e+00 2.9387e+00  0.0000e+00  1.8542e+05
  35 5.2846e-02 1.8187e+05 2.6277e+04 2.4673e+01 3.2734e+00 2.8405e+00  0.0000e+00  1.8426e+05
  36 1.7615e-02 1.8182e+05 2.1628e+04 2.2972e+01 3.1972e+00 2.7504e+00  0.0000e+00  1.8326e+05
  37 1.7615e-02 1.8159e+05 2.6104e+04 2.2512e+01 3.1983e+00 2.8711e+00  0.0000e+00  1.8220e+05
  38 1.7615e-02 1.8150e+05 2.2124e+04 2.2216e+01 3.2478e+00 2.8834e+00  0.0000e+00  1.8205e+05
  39 5.8718e-03 1.8131e+05 2.2501e+04 2.1831e+01 3.3662e+00 2.9660e+00  0.0000e+00  1.8188e+05
  40 5.8718e-03 1.8056e+05 9.0370e+04 3.4417e+01 4.9605e+00 5.6401e+00  0.0000e+00  1.8145e+05
