  #     beta     phi_d     phi_m   phi_m_small     phi_m_smoomth_x     phi_m_smoomth_y     phi_m_smoomth_z      phi
   1 8.9608e+03 2.5810e+05 7.4297e-05 6.6739e-13 9.9223e-14 9.1637e-14  0.0000e+00  2.5810e+05
   2 2.9869e+03 2.5810e+05 5.2474e-05 8.9425e-13 1.7967e-13 1.6975e-13  0.0000e+00  2.5810e+05
   3 2.9869e+03 2.5809e+05 6.4122e-04 9.5303e-12 1.7858e-12 1.9428e-12  0.0000e+00  2.5810e+05
   4 9.9564e+02 2.5809e+05 4.4720e-04 1.3299e-11 2.6946e-12 3.0400e-12  0.0000e+00  2.5809e+05
   5 9.9564e+02 2.5808e+05 5.7593e-03 1.6141e-10 2.7862e-11 3.7521e-11  0.0000e+00  2.5809e+05
   6 3.3188e+02 2.5808e+05 4.0629e-03 2.1485e-10 3.6140e-11 4.9104e-11  0.0000e+00  2.5809e+05
   7 3.3188e+02 2.5806e+05 4.4734e-02 2.5197e-09 3.5980e-10 5.6800e-10  0.0000e+00  2.5808e+05
   8 1.1063e+02 2.5806e+05 3.1013e-02 2.9427e-09 3.9830e-10 5.8567e-10  0.0000e+00  2.5807e+05
   9 1.1063e+02 2.5796e+05 5.4992e-01 8.7561e-08 1.0359e-08 1.5531e-08  0.0000e+00  2.5806e+05
  10 3.6876e+01 2.5796e+05 3.4393e-01 9.5214e-08 1.0899e-08 1.5822e-08  0.0000e+00  2.5802e+05
  11 3.6876e+01 2.5748e+05 7.6755e+00 4.2412e-06 4.2702e-07 6.2994e-07  0.0000e+00  2.5797e+05
  12 1.2292e+01 2.5748e+05 5.0982e+00 4.4103e-06 4.3158e-07 6.3606e-07  0.0000e+00  2.5776e+05
  13 1.2292e+01 2.5630e+05 5.9296e+01 7.8866e-05 6.2526e-06 9.3146e-06  0.0000e+00  2.5754e+05
  14 4.0973e+00 2.5629e+05 3.3940e+01 8.2068e-05 6.3565e-06 9.3359e-06  0.0000e+00  2.5703e+05
  15 4.0973e+00 2.5336e+05 4.2364e+02 1.0876e-03 7.4254e-05 9.7019e-05  0.0000e+00  2.5643e+05
  16 1.3658e+00 2.5333e+05 2.5993e+02 1.1253e-03 7.3823e-05 9.5817e-05  0.0000e+00  2.5509e+05
  17 1.3658e+00 2.4995e+05 1.4093e+03 5.1346e-03 3.0465e-04 3.8726e-04  0.0000e+00  2.5368e+05
  18 4.5526e-01 2.4992e+05 8.5579e+02 5.1869e-03 2.9808e-04 3.7715e-04  0.0000e+00  2.5187e+05
  19 4.5526e-01 2.4627e+05 4.1274e+03 1.6019e-02 1.1805e-03 1.4739e-03  0.0000e+00  2.5031e+05
  20 1.5175e-01 2.4621e+05 2.6832e+03 1.6114e-02 1.1549e-03 1.4251e-03  0.0000e+00  2.4815e+05
  21 1.5175e-01 2.3430e+05 3.3415e+04 1.3579e-01 1.0511e-02 1.7356e-02  0.0000e+00  2.4662e+05
  22 5.0584e-02 2.3437e+05 2.3881e+04 1.3542e-01 9.9644e-03 1.6301e-02  0.0000e+00  2.3937e+05
  23 5.0584e-02 2.3431e+05 1.9447e+04 1.3584e-01 9.7060e-03 1.5247e-02  0.0000e+00  2.3558e+05
  24 1.6861e-02 2.3426e+05 1.7454e+04 1.3632e-01 9.6115e-03 1.5017e-02  0.0000e+00  2.3530e+05
  25 1.6861e-02 2.3410e+05 1.9456e+04 1.3902e-01 9.5434e-03 1.4983e-02  0.0000e+00  2.3456e+05
  26 5.6204e-03 2.3415e+05 1.5897e+04 1.3938e-01 9.4988e-03 1.4841e-02  0.0000e+00  2.3443e+05
  27 5.6204e-03 2.1639e+05 1.4519e+06 2.7892e+00 3.8528e-01 5.9752e-01  0.0000e+00  2.3424e+05
  28 1.8735e-03 2.1640e+05 8.8772e+05 2.7688e+00 3.6419e-01 5.7214e-01  0.0000e+00  2.2455e+05
  29 1.8735e-03 2.1639e+05 7.3973e+05 2.7567e+00 3.5307e-01 5.5750e-01  0.0000e+00  2.1806e+05
  30 6.2449e-04 2.1639e+05 6.3666e+05 2.7401e+00 3.3964e-01 5.3741e-01  0.0000e+00  2.1778e+05
  31 6.2449e-04 2.1639e+05 5.7606e+05 2.7317e+00 3.3277e-01 5.2601e-01  0.0000e+00  2.1679e+05
  32 2.0816e-04 2.1638e+05 5.3634e+05 2.7207e+00 3.2406e-01 5.1105e-01  0.0000e+00  2.1675e+05
  33 2.0816e-04 2.1638e+05 5.0472e+05 2.7137e+00 3.1785e-01 5.0022e-01  0.0000e+00  2.1650e+05
  34 6.9388e-05 2.1637e+05 4.6742e+05 2.6929e+00 2.9931e-01 4.6766e-01  0.0000e+00  2.1648e+05
  35 6.9388e-05 2.1633e+05 5.7240e+05 2.6579e+00 2.5623e-01 3.9014e-01  0.0000e+00  2.1640e+05
  36 2.3129e-05 2.1633e+05 2.7669e+05 2.6559e+00 2.5050e-01 3.8249e-01  0.0000e+00  2.1637e+05
  37 2.3129e-05 2.1629e+05 1.0565e+06 2.6670e+00 2.2983e-01 3.4173e-01  0.0000e+00  2.1633e+05
