  #     beta     phi_d     phi_m   phi_m_small     phi_m_smoomth_x     phi_m_smoomth_y     phi_m_smoomth_z      phi
   1 2.4931e+07 2.1768e+08 2.0818e+00 1.8675e+00 1.2621e-01 8.8042e-02  0.0000e+00  4.4228e+08
   2 8.3103e+06 2.0554e+08 2.4208e+00 2.1918e+00 1.2709e-01 1.0190e-01  0.0000e+00  2.6958e+08
   3 8.3103e+06 1.0598e+08 8.7058e+00 7.7520e+00 5.3282e-01 4.2097e-01  0.0000e+00  2.2566e+08
   4 2.7701e+06 1.0238e+08 8.7306e+00 7.7816e+00 5.2592e-01 4.2302e-01  0.0000e+00  1.7832e+08
   5 2.7701e+06 3.7613e+07 2.0654e+01 1.7996e+01 1.5019e+00 1.1559e+00  0.0000e+00  1.2656e+08
   6 9.2337e+05 3.6546e+07 2.0543e+01 1.7925e+01 1.4754e+00 1.1429e+00  0.0000e+00  9.4827e+07
   7 9.2337e+05 1.0811e+07 3.3383e+01 2.8292e+01 2.8527e+00 2.2378e+00  0.0000e+00  5.5515e+07
   8 3.0779e+05 1.0234e+07 3.2877e+01 2.7885e+01 2.6947e+00 2.2973e+00  0.0000e+00  4.1635e+07
   9 3.0779e+05 3.9803e+06 4.3349e+01 3.5556e+01 4.3089e+00 3.4843e+00  0.0000e+00  2.0353e+07
  10 1.0260e+05 3.5541e+06 4.3166e+01 3.5292e+01 4.2433e+00 3.6305e+00  0.0000e+00  1.7323e+07
  11 1.0260e+05 1.8807e+06 5.0873e+01 4.0649e+01 5.5613e+00 4.6628e+00  0.0000e+00  7.9828e+06
  12 3.4199e+04 1.6462e+06 5.1081e+01 4.0434e+01 5.7695e+00 4.8774e+00  0.0000e+00  7.1001e+06
  13 3.4199e+04 1.1059e+06 5.7190e+01 4.4683e+01 6.7248e+00 5.7822e+00  0.0000e+00  3.3931e+06
  14 1.1400e+04 9.5257e+05 5.7213e+01 4.4382e+01 6.9186e+00 5.9131e+00  0.0000e+00  3.0617e+06
  15 1.1400e+04 7.2923e+05 6.2697e+01 4.8188e+01 7.7116e+00 6.7972e+00  0.0000e+00  1.6048e+06
  16 3.7999e+03 6.2364e+05 6.2474e+01 4.7743e+01 7.8744e+00 6.8569e+00  0.0000e+00  1.4440e+06
  17 3.7999e+03 5.3956e+05 6.5997e+01 5.0225e+01 8.3263e+00 7.4463e+00  0.0000e+00  8.6104e+05
  18 1.2666e+03 4.8771e+05 6.5811e+01 4.9844e+01 8.4766e+00 7.4912e+00  0.0000e+00  7.9034e+05
  19 1.2666e+03 4.5017e+05 6.8052e+01 5.1436e+01 8.7331e+00 7.8829e+00  0.0000e+00  5.7107e+05
  20 4.2221e+02 4.1886e+05 6.7969e+01 5.1164e+01 8.8738e+00 7.9311e+00  0.0000e+00  5.3637e+05
  21 4.2221e+02 3.9104e+05 6.9977e+01 5.2557e+01 9.1146e+00 8.3055e+00  0.0000e+00  4.4756e+05
  22 1.4074e+02 3.6709e+05 6.9988e+01 5.2374e+01 9.2497e+00 8.3636e+00  0.0000e+00  4.2059e+05
  23 1.4074e+02 3.4528e+05 7.1724e+01 5.3546e+01 9.4764e+00 8.7011e+00  0.0000e+00  3.7694e+05
  24 4.6912e+01 3.2748e+05 7.1978e+01 5.3568e+01 9.6166e+00 8.7934e+00  0.0000e+00  3.5537e+05
  25 4.6912e+01 3.1167e+05 7.3239e+01 5.4393e+01 9.8020e+00 9.0436e+00  0.0000e+00  3.3086e+05
  26 1.5637e+01 2.9876e+05 7.3808e+01 5.4659e+01 9.9543e+00 9.1943e+00  0.0000e+00  3.1510e+05
  27 1.5637e+01 2.8617e+05 7.4764e+01 5.5273e+01 1.0108e+01 9.3839e+00  0.0000e+00  2.9991e+05
  28 5.2125e+00 2.7519e+05 7.5826e+01 5.5850e+01 1.0338e+01 9.6376e+00  0.0000e+00  2.8734e+05
  29 5.2125e+00 2.6355e+05 7.6619e+01 5.6355e+01 1.0476e+01 9.7881e+00  0.0000e+00  2.7559e+05
  30 1.7375e+00 2.5133e+05 7.9230e+01 5.7838e+01 1.1024e+01 1.0367e+01  0.0000e+00  2.6395e+05
  31 1.7375e+00 2.3776e+05 7.9924e+01 5.8251e+01 1.1182e+01 1.0492e+01  0.0000e+00  2.5147e+05
  32 5.7916e-01 2.1227e+05 9.4491e+01 6.7841e+01 1.3369e+01 1.3281e+01  0.0000e+00  2.3790e+05
  33 5.7916e-01 1.9034e+05 9.3931e+01 6.7204e+01 1.3436e+01 1.3291e+01  0.0000e+00  2.1232e+05
  34 1.9305e-01 1.8410e+05 9.5290e+01 6.8384e+01 1.3496e+01 1.3410e+01  0.0000e+00  1.9039e+05
  35 1.9305e-01 1.7876e+05 9.6167e+01 6.8971e+01 1.3693e+01 1.3503e+01  0.0000e+00  1.8412e+05
  36 6.4351e-02 1.7438e+05 9.9100e+01 7.1513e+01 1.3944e+01 1.3643e+01  0.0000e+00  1.7878e+05
  37 6.4351e-02 1.7023e+05 9.9159e+01 7.1397e+01 1.4097e+01 1.3665e+01  0.0000e+00  1.7438e+05
  38 2.1450e-02 1.6602e+05 1.0543e+02 7.6896e+01 1.4438e+01 1.4098e+01  0.0000e+00  1.7024e+05
  39 2.1450e-02 1.6195e+05 1.0601e+02 7.7265e+01 1.4463e+01 1.4279e+01  0.0000e+00  1.6602e+05
  40 7.1502e-03 1.5817e+05 1.1015e+02 8.0260e+01 1.5015e+01 1.4872e+01  0.0000e+00  1.6195e+05
