  #     beta     phi_d     phi_m   phi_m_small     phi_m_smoomth_x     phi_m_smoomth_y     phi_m_smoomth_z      phi
   1 2.0368e+07 2.2501e+08 2.6329e+00 2.4889e+00 5.8003e-02 8.5960e-02  0.0000e+00  3.8607e+08
   2 6.7895e+06 2.1907e+08 2.8259e+00 2.6817e+00 5.5145e-02 8.9092e-02  0.0000e+00  2.7864e+08
   3 6.7895e+06 1.2037e+08 1.1048e+01 1.0416e+01 2.1841e-01 4.1329e-01  0.0000e+00  2.3826e+08
   4 2.2632e+06 1.0974e+08 1.2285e+01 1.1633e+01 2.1923e-01 4.3346e-01  0.0000e+00  1.9538e+08
   5 2.2632e+06 3.7019e+07 2.9324e+01 2.7477e+01 5.6299e-01 1.2841e+00  0.0000e+00  1.3754e+08
   6 7.5438e+05 3.6205e+07 2.9305e+01 2.7478e+01 5.4576e-01 1.2810e+00  0.0000e+00  1.0338e+08
   7 7.5438e+05 1.1474e+07 4.6536e+01 4.2530e+01 1.3512e+00 2.6548e+00  0.0000e+00  5.8312e+07
   8 2.5146e+05 1.1561e+07 4.6420e+01 4.2426e+01 1.3419e+00 2.6521e+00  0.0000e+00  4.6580e+07
   9 2.5146e+05 4.8258e+06 6.0411e+01 5.3400e+01 2.5858e+00 4.4252e+00  0.0000e+00  2.3234e+07
  10 8.3820e+04 4.8890e+06 6.0149e+01 5.3202e+01 2.5298e+00 4.4180e+00  0.0000e+00  2.0017e+07
  11 8.3820e+04 1.8625e+06 7.2975e+01 6.3107e+01 3.7324e+00 6.1352e+00  0.0000e+00  9.9308e+06
  12 2.7940e+04 1.8888e+06 7.2078e+01 6.2123e+01 3.7288e+00 6.2260e+00  0.0000e+00  7.9793e+06
  13 2.7940e+04 9.1742e+05 8.1587e+01 6.9360e+01 4.6692e+00 7.5581e+00  0.0000e+00  3.9027e+06
  14 9.3134e+03 8.1078e+05 8.0878e+01 6.8370e+01 4.8326e+00 7.6763e+00  0.0000e+00  3.1970e+06
  15 9.3134e+03 6.2767e+05 8.5226e+01 7.1704e+01 5.1800e+00 8.3413e+00  0.0000e+00  1.5640e+06
  16 3.1045e+03 5.4468e+05 8.5876e+01 7.1710e+01 5.5163e+00 8.6502e+00  0.0000e+00  1.4214e+06
  17 3.1045e+03 4.5565e+05 8.9359e+01 7.4426e+01 5.7546e+00 9.1785e+00  0.0000e+00  8.1128e+05
  18 1.0348e+03 3.9327e+05 9.0810e+01 7.5042e+01 6.1568e+00 9.6115e+00  0.0000e+00  7.3306e+05
  19 1.0348e+03 3.4780e+05 9.3118e+01 7.6847e+01 6.3110e+00 9.9598e+00  0.0000e+00  4.8724e+05
  20 3.4494e+02 3.1898e+05 9.3971e+01 7.7165e+01 6.5745e+00 1.0231e+01  0.0000e+00  4.4416e+05
  21 3.4494e+02 2.9801e+05 9.5538e+01 7.8361e+01 6.6852e+00 1.0491e+01  0.0000e+00  3.5139e+05
  22 1.1498e+02 2.8268e+05 9.6160e+01 7.8602e+01 6.8665e+00 1.0692e+01  0.0000e+00  3.3097e+05
  23 1.1498e+02 2.6985e+05 9.7193e+01 7.9357e+01 6.9511e+00 1.0884e+01  0.0000e+00  2.9373e+05
  24 3.8327e+01 2.5651e+05 9.8576e+01 8.0222e+01 7.1725e+00 1.1182e+01  0.0000e+00  2.8102e+05
  25 3.8327e+01 2.4470e+05 9.9346e+01 8.0769e+01 7.2456e+00 1.1331e+01  0.0000e+00  2.6029e+05
  26 1.2776e+01 2.3351e+05 1.0103e+02 8.1907e+01 7.4731e+00 1.1645e+01  0.0000e+00  2.4850e+05
  27 1.2776e+01 2.2440e+05 1.0166e+02 8.2361e+01 7.5294e+00 1.1766e+01  0.0000e+00  2.3480e+05
  28 4.2585e+00 2.1793e+05 1.0319e+02 8.3477e+01 7.7118e+00 1.2004e+01  0.0000e+00  2.2570e+05
  29 4.2585e+00 2.1192e+05 1.0360e+02 8.3764e+01 7.7450e+00 1.2094e+01  0.0000e+00  2.1837e+05
  30 1.4195e+00 2.0677e+05 1.0525e+02 8.4995e+01 7.9326e+00 1.2326e+01  0.0000e+00  2.1236e+05
  31 1.4195e+00 2.0194e+05 1.0558e+02 8.5221e+01 7.9564e+00 1.2403e+01  0.0000e+00  2.0692e+05
  32 4.7317e-01 1.9748e+05 1.0745e+02 8.6630e+01 8.1750e+00 1.2646e+01  0.0000e+00  2.0209e+05
  33 4.7317e-01 1.9331e+05 1.0783e+02 8.6914e+01 8.1915e+00 1.2721e+01  0.0000e+00  1.9753e+05
  34 1.5772e-01 1.8933e+05 1.0982e+02 8.8436e+01 8.4281e+00 1.2956e+01  0.0000e+00  1.9336e+05
  35 1.5772e-01 1.8562e+05 1.0998e+02 8.8548e+01 8.4156e+00 1.3014e+01  0.0000e+00  1.8934e+05
  36 5.2574e-02 1.8208e+05 1.1266e+02 9.0552e+01 8.7906e+00 1.3315e+01  0.0000e+00  1.8564e+05
  37 5.2574e-02 1.7878e+05 1.1293e+02 9.0757e+01 8.7701e+00 1.3406e+01  0.0000e+00  1.8209e+05
  38 1.7525e-02 1.7561e+05 1.1539e+02 9.2648e+01 9.0751e+00 1.3670e+01  0.0000e+00  1.7879e+05
  39 1.7525e-02 1.7266e+05 1.1543e+02 9.2617e+01 9.0547e+00 1.3762e+01  0.0000e+00  1.7561e+05
  40 5.8416e-03 1.6987e+05 1.2289e+02 9.8194e+01 1.0054e+01 1.4644e+01  0.0000e+00  1.7266e+05
