  #     beta     phi_d     phi_m   phi_m_small     phi_m_smoomth_x     phi_m_smoomth_y     phi_m_smoomth_z      phi
   1 4.0973e+04 1.0934e+11 9.3469e+02 3.2310e+02 2.6398e+02 3.4761e+02  0.0000e+00  1.5197e+11
   2 1.3658e+04 1.8461e+10 1.5729e+03 5.8782e+02 4.2874e+02 5.5631e+02  0.0000e+00  1.0938e+11
   3 1.3658e+04 8.6374e+09 1.7288e+03 6.5148e+02 4.5735e+02 6.1993e+02  0.0000e+00  1.8482e+10
   4 4.5526e+03 4.5183e+09 1.8645e+03 7.0233e+02 5.0033e+02 6.6185e+02  0.0000e+00  8.6610e+09
   5 4.5526e+03 2.6367e+09 2.1117e+03 8.0417e+02 5.6685e+02 7.4064e+02  0.0000e+00  4.5268e+09
   6 1.5175e+03 1.2683e+09 2.2017e+03 8.3428e+02 5.9041e+02 7.7706e+02  0.0000e+00  2.6463e+09
   7 1.5175e+03 1.0520e+09 2.3372e+03 9.0613e+02 6.3231e+02 7.9881e+02  0.0000e+00  1.2716e+09
   8 5.0584e+02 8.8459e+08 2.4258e+03 9.6066e+02 6.5055e+02 8.1461e+02  0.0000e+00  1.0556e+09
   9 5.0584e+02 7.9179e+08 4.6790e+03 2.0970e+03 1.3110e+03 1.2710e+03  0.0000e+00  8.8582e+08
  10 1.6861e+02 7.1518e+08 5.1132e+03 2.2917e+03 1.4299e+03 1.3916e+03  0.0000e+00  7.9416e+08
  11 1.6861e+02 6.8332e+08 5.6177e+03 2.5114e+03 1.5954e+03 1.5108e+03  0.0000e+00  7.1604e+08
  12 5.6204e+01 6.5569e+08 6.6225e+03 2.9463e+03 1.9152e+03 1.7610e+03  0.0000e+00  6.8427e+08
  13 5.6204e+01 6.4313e+08 7.7083e+03 3.4271e+03 2.2717e+03 2.0095e+03  0.0000e+00  6.5606e+08
  14 1.8735e+01 6.2459e+08 1.0048e+04 4.4296e+03 3.0515e+03 2.5665e+03  0.0000e+00  6.4356e+08
  15 1.8735e+01 6.1452e+08 1.3225e+04 5.8218e+03 4.1315e+03 3.2715e+03  0.0000e+00  6.2478e+08
  16 6.2449e+00 6.0680e+08 1.4778e+04 6.5088e+03 4.6288e+03 3.6401e+03  0.0000e+00  6.1477e+08
  17 6.2449e+00 6.0113e+08 1.8659e+04 8.3544e+03 5.8721e+03 4.4326e+03  0.0000e+00  6.0689e+08
  18 2.0816e+00 5.8598e+08 3.0830e+04 1.5360e+04 8.8113e+03 6.6586e+03  0.0000e+00  6.0125e+08
  19 2.0816e+00 5.7713e+08 5.9503e+04 3.0691e+04 1.7343e+04 1.1470e+04  0.0000e+00  5.8604e+08
  20 6.9388e-01 5.5670e+08 6.9541e+04 3.7076e+04 1.9964e+04 1.2501e+04  0.0000e+00  5.7726e+08
  21 6.9388e-01 5.4951e+08 1.2096e+05 6.5802e+04 3.4886e+04 2.0267e+04  0.0000e+00  5.5675e+08
  22 2.3129e-01 5.3781e+08 1.2810e+05 6.9003e+04 3.7052e+04 2.2042e+04  0.0000e+00  5.4960e+08
  23 2.3129e-01 5.3018e+08 1.6170e+05 8.4765e+04 4.6847e+04 3.0093e+04  0.0000e+00  5.3784e+08
  24 7.7098e-02 5.2117e+08 2.1652e+05 9.0367e+04 8.0204e+04 4.5953e+04  0.0000e+00  5.3021e+08
  25 7.7098e-02 5.1805e+08 2.2248e+05 9.1006e+04 8.1460e+04 5.0012e+04  0.0000e+00  5.2119e+08
  26 2.5699e-02 5.1107e+08 2.3972e+05 9.3008e+04 8.7319e+04 5.9395e+04  0.0000e+00  5.1807e+08
  27 2.5699e-02 5.0150e+08 3.5644e+05 1.1838e+05 1.2064e+05 1.1742e+05  0.0000e+00  5.1107e+08
  28 8.5664e-03 4.9671e+08 5.7000e+05 1.5213e+05 1.9034e+05 2.2754e+05  0.0000e+00  5.0151e+08
  29 8.5664e-03 4.8996e+08 7.0071e+05 1.7724e+05 2.4464e+05 2.7883e+05  0.0000e+00  4.9672e+08
  30 2.8555e-03 4.8794e+08 7.2949e+05 1.8118e+05 2.6444e+05 2.8387e+05  0.0000e+00  4.8997e+08
  31 2.8555e-03 4.8008e+08 6.3668e+06 1.2327e+06 2.2421e+06 2.8920e+06  0.0000e+00  4.8794e+08
  32 9.5183e-04 4.7323e+08 6.3658e+06 1.2345e+06 2.2346e+06 2.8967e+06  0.0000e+00  4.8010e+08
  33 9.5183e-04 4.7100e+08 6.4727e+06 1.2567e+06 2.2400e+06 2.9760e+06  0.0000e+00  4.7324e+08
  34 3.1728e-04 4.7031e+08 6.4316e+06 1.2507e+06 2.1993e+06 2.9817e+06  0.0000e+00  4.7101e+08
  35 3.1728e-04 4.6748e+08 9.3626e+06 1.7470e+06 3.1079e+06 4.5077e+06  0.0000e+00  4.7031e+08
  36 1.0576e-04 4.6704e+08 9.7854e+06 1.8206e+06 3.3102e+06 4.6546e+06  0.0000e+00  4.6748e+08
  37 1.0576e-04 4.6135e+08 3.8560e+07 5.9644e+06 1.2851e+07 1.9745e+07  0.0000e+00  4.6704e+08
  38 3.5253e-05 4.6061e+08 3.8574e+07 5.9624e+06 1.2826e+07 1.9786e+07  0.0000e+00  4.6135e+08
  39 3.5253e-05 4.5727e+08 1.3245e+08 1.6571e+07 6.6513e+07 4.9365e+07  0.0000e+00  4.6061e+08
  40 1.1751e-05 4.5145e+08 1.3264e+08 1.6289e+07 6.5439e+07 5.0914e+07  0.0000e+00  4.5727e+08
