  #     beta     phi_d     phi_m   phi_m_small     phi_m_smoomth_x     phi_m_smoomth_y     phi_m_smoomth_z      phi
   1 3.0942e+01 2.6260e+08 1.8818e+06 1.7525e+06 7.8544e+04 5.0755e+04  0.0000e+00  4.4228e+08
   2 1.0314e+01 2.5602e+08 1.9152e+06 1.8022e+06 6.6008e+04 4.6993e+04  0.0000e+00  3.2082e+08
   3 1.0314e+01 1.6113e+08 7.0904e+06 6.5374e+06 3.1650e+05 2.3652e+05  0.0000e+00  2.7577e+08
   4 3.4380e+00 1.5686e+08 6.3216e+06 5.7484e+06 3.1937e+05 2.5382e+05  0.0000e+00  2.3426e+08
   5 3.4380e+00 1.1373e+08 1.6527e+07 1.4571e+07 1.1311e+06 8.2457e+05  0.0000e+00  1.7859e+08
   6 1.1460e+00 9.4580e+07 1.6206e+07 1.4284e+07 1.1019e+06 8.1933e+05  0.0000e+00  1.7055e+08
   7 1.1460e+00 7.5842e+07 1.7949e+07 1.5724e+07 1.2862e+06 9.3799e+05  0.0000e+00  1.1315e+08
   8 3.8200e-01 7.2065e+07 1.8475e+07 1.6149e+07 1.3478e+06 9.7820e+05  0.0000e+00  9.6411e+07
   9 3.8200e-01 6.7831e+07 2.0395e+07 1.7754e+07 1.5267e+06 1.1139e+06  0.0000e+00  7.9123e+07
  10 1.2733e-01 6.5712e+07 2.1503e+07 1.8688e+07 1.6214e+06 1.1931e+06  0.0000e+00  7.5622e+07
  11 1.2733e-01 4.5895e+07 3.4633e+07 2.9931e+07 2.6339e+06 2.0683e+06  0.0000e+00  6.8450e+07
  12 4.2444e-02 3.7060e+07 3.4953e+07 3.0184e+07 2.6722e+06 2.0965e+06  0.0000e+00  5.0305e+07
  13 4.2444e-02 1.9195e+07 6.0336e+07 5.2081e+07 4.4260e+06 3.8290e+06  0.0000e+00  3.8543e+07
  14 1.4148e-02 1.5940e+07 6.4820e+07 5.5948e+07 4.7030e+06 4.1697e+06  0.0000e+00  2.1756e+07
  15 1.4148e-02 9.8298e+06 8.8448e+07 7.6710e+07 5.8399e+06 5.8982e+06  0.0000e+00  1.6857e+07
  16 4.7160e-03 9.2256e+06 1.2123e+08 1.0465e+08 7.8249e+06 8.7529e+06  0.0000e+00  1.1081e+07
  17 4.7160e-03 5.7016e+06 1.2368e+08 1.0693e+08 7.8722e+06 8.8773e+06  0.0000e+00  9.7973e+06
  18 1.5720e-03 4.3580e+06 1.2972e+08 1.1179e+08 8.2398e+06 9.6864e+06  0.0000e+00  6.2849e+06
  19 1.5720e-03 3.9305e+06 1.3921e+08 1.1969e+08 8.7130e+06 1.0806e+07  0.0000e+00  4.5619e+06
  20 5.2400e-04 3.1954e+06 1.5353e+08 1.3129e+08 9.5033e+06 1.2742e+07  0.0000e+00  4.1493e+06
  21 5.2400e-04 2.5205e+06 1.8310e+08 1.5496e+08 1.1135e+07 1.7008e+07  0.0000e+00  3.2759e+06
  22 1.7467e-04 2.0704e+06 1.9532e+08 1.6535e+08 1.1478e+07 1.8492e+07  0.0000e+00  2.6164e+06
  23 1.7467e-04 1.7499e+06 2.1432e+08 1.8055e+08 1.2410e+07 2.1362e+07  0.0000e+00  2.1045e+06
  24 5.8222e-05 1.3244e+06 2.6160e+08 2.1779e+08 1.4880e+07 2.8929e+07  0.0000e+00  1.7873e+06
  25 5.8222e-05 1.1106e+06 2.6600e+08 2.2150e+08 1.4989e+07 2.9512e+07  0.0000e+00  1.3396e+06
  26 1.9407e-05 9.6811e+05 2.9547e+08 2.4348e+08 1.6601e+07 3.5394e+07  0.0000e+00  1.1261e+06
  27 1.9407e-05 8.4918e+05 3.0111e+08 2.4648e+08 1.7611e+07 3.7019e+07  0.0000e+00  9.7384e+05
  28 6.4691e-06 7.7305e+05 3.2309e+08 2.6181e+08 1.9379e+07 4.1901e+07  0.0000e+00  8.5503e+05
  29 6.4691e-06 7.1076e+05 3.3495e+08 2.6914e+08 2.1026e+07 4.4787e+07  0.0000e+00  7.7514e+05
  30 2.1564e-06 6.7207e+05 3.4887e+08 2.7865e+08 2.2297e+07 4.7925e+07  0.0000e+00  7.1293e+05
  31 2.1564e-06 6.0717e+05 3.9020e+08 3.0454e+08 2.7951e+07 5.7705e+07  0.0000e+00  6.7282e+05
  32 7.1879e-07 5.5956e+05 4.0963e+08 3.1660e+08 3.0346e+07 6.2679e+07  0.0000e+00  6.0801e+05
  33 7.1879e-07 5.2556e+05 4.5158e+08 3.4165e+08 3.7150e+07 7.2776e+07  0.0000e+00  5.5985e+05
  34 2.3960e-07 5.0983e+05 4.5528e+08 3.4380e+08 3.7715e+07 7.3759e+07  0.0000e+00  5.2588e+05
  35 2.3960e-07 4.5775e+05 5.9204e+08 4.2522e+08 6.1812e+07 1.0501e+08  0.0000e+00  5.0994e+05
  36 7.9866e-08 4.3727e+05 6.3306e+08 4.4832e+08 6.9232e+07 1.1551e+08  0.0000e+00  4.5790e+05
  37 7.9866e-08 4.0132e+05 9.2128e+08 6.0684e+08 1.2799e+08 1.8645e+08  0.0000e+00  4.3732e+05
  38 2.6622e-08 3.8481e+05 9.7495e+08 6.3217e+08 1.3913e+08 2.0365e+08  0.0000e+00  4.0139e+05
  39 2.6622e-08 3.6556e+05 1.2619e+09 7.8299e+08 2.0044e+08 2.7843e+08  0.0000e+00  3.8483e+05
  40 8.8740e-09 3.4781e+05 1.4375e+09 8.7789e+08 2.3367e+08 3.2591e+08  0.0000e+00  3.6560e+05
