  #     beta     phi_d     phi_m   phi_m_small     phi_m_smoomth_x     phi_m_smoomth_y     phi_m_smoomth_z      phi
   1 2.9177e+07 2.1973e+08 1.6755e+00 1.5023e+00 9.2122e-02 8.0998e-02  0.0000e+00  4.5035e+08
   2 9.7256e+06 2.0342e+08 1.9375e+00 1.7611e+00 8.9017e-02 8.7394e-02  0.0000e+00  2.6862e+08
   3 9.7256e+06 1.2231e+08 6.6517e+00 5.9583e+00 3.5702e-01 3.3639e-01  0.0000e+00  2.2226e+08
   4 3.2419e+06 1.1820e+08 6.6921e+00 5.9718e+00 3.6952e-01 3.5071e-01  0.0000e+00  1.8700e+08
   5 3.2419e+06 4.4942e+07 1.7777e+01 1.5451e+01 1.2909e+00 1.0360e+00  0.0000e+00  1.3989e+08
   6 1.0806e+06 4.1994e+07 1.7802e+01 1.5574e+01 1.1976e+00 1.0294e+00  0.0000e+00  1.0257e+08
   7 1.0806e+06 1.8351e+07 3.0783e+01 2.6202e+01 2.4863e+00 2.0949e+00  0.0000e+00  6.1231e+07
   8 3.6021e+05 1.2470e+07 3.0933e+01 2.6444e+01 2.2790e+00 2.2101e+00  0.0000e+00  5.1615e+07
   9 3.6021e+05 4.4631e+06 4.0522e+01 3.3641e+01 3.5864e+00 3.2944e+00  0.0000e+00  2.3612e+07
  10 1.2007e+05 3.7280e+06 4.0615e+01 3.3421e+01 3.6495e+00 3.5445e+00  0.0000e+00  1.9059e+07
  11 1.2007e+05 2.0251e+06 4.7224e+01 3.8141e+01 4.7038e+00 4.3793e+00  0.0000e+00  8.6046e+06
  12 4.0023e+04 1.7172e+06 4.7773e+01 3.8229e+01 4.9209e+00 4.6239e+00  0.0000e+00  7.6953e+06
  13 4.0023e+04 1.1991e+06 5.2636e+01 4.1752e+01 5.5955e+00 5.2888e+00  0.0000e+00  3.6292e+06
  14 1.3341e+04 1.0298e+06 5.2961e+01 4.1656e+01 5.8416e+00 5.4629e+00  0.0000e+00  3.3058e+06
  15 1.3341e+04 8.2557e+05 5.6606e+01 4.4362e+01 6.2560e+00 5.9875e+00  0.0000e+00  1.7364e+06
  16 4.4470e+03 7.1658e+05 5.7002e+01 4.4373e+01 6.4956e+00 6.1339e+00  0.0000e+00  1.5807e+06
  17 4.4470e+03 6.2048e+05 5.9902e+01 4.6575e+01 6.7782e+00 6.5486e+00  0.0000e+00  9.7007e+05
  18 1.4823e+03 5.5220e+05 6.0561e+01 4.6785e+01 7.0437e+00 6.7317e+00  0.0000e+00  8.8686e+05
  19 1.4823e+03 4.9565e+05 6.2769e+01 4.8471e+01 7.2480e+00 7.0505e+00  0.0000e+00  6.4197e+05
  20 4.9411e+02 4.6076e+05 6.2935e+01 4.8383e+01 7.4090e+00 7.1430e+00  0.0000e+00  5.8869e+05
  21 4.9411e+02 4.3241e+05 6.4623e+01 4.9652e+01 7.5701e+00 7.4006e+00  0.0000e+00  4.9186e+05
  22 1.6470e+02 4.0872e+05 6.4751e+01 4.9562e+01 7.7067e+00 7.4829e+00  0.0000e+00  4.6434e+05
  23 1.6470e+02 3.8864e+05 6.6171e+01 5.0608e+01 7.8526e+00 7.7102e+00  0.0000e+00  4.1938e+05
  24 5.4901e+01 3.7116e+05 6.6297e+01 5.0540e+01 7.9717e+00 7.7856e+00  0.0000e+00  3.9953e+05
  25 5.4901e+01 3.5502e+05 6.7640e+01 5.1491e+01 8.1327e+00 8.0158e+00  0.0000e+00  3.7480e+05
  26 1.8300e+01 3.4041e+05 6.7824e+01 5.1476e+01 8.2508e+00 8.0967e+00  0.0000e+00  3.5874e+05
  27 1.8300e+01 3.2642e+05 6.9288e+01 5.2484e+01 8.4518e+00 8.3523e+00  0.0000e+00  3.4165e+05
  28 6.1001e+00 3.1375e+05 6.9568e+01 5.2551e+01 8.5735e+00 8.4435e+00  0.0000e+00  3.2769e+05
  29 6.1001e+00 3.0147e+05 7.1436e+01 5.3821e+01 8.8549e+00 8.7600e+00  0.0000e+00  3.1417e+05
  30 2.0334e+00 2.9033e+05 7.1945e+01 5.4079e+01 8.9868e+00 8.8793e+00  0.0000e+00  3.0191e+05
  31 2.0334e+00 2.7938e+05 7.4673e+01 5.6004e+01 9.3488e+00 9.3207e+00  0.0000e+00  2.9048e+05
  32 6.7779e-01 2.6930e+05 7.5502e+01 5.6573e+01 9.4451e+00 9.4844e+00  0.0000e+00  2.7953e+05
  33 6.7779e-01 2.5845e+05 8.0222e+01 6.0354e+01 9.7556e+00 1.0113e+01  0.0000e+00  2.6935e+05
  34 2.2593e-01 2.4834e+05 8.1511e+01 6.1158e+01 9.9893e+00 1.0364e+01  0.0000e+00  2.5850e+05
  35 2.2593e-01 2.3055e+05 1.0741e+02 7.9093e+01 1.3890e+01 1.4424e+01  0.0000e+00  2.4836e+05
  36 7.5310e-02 2.0971e+05 1.0732e+02 7.9567e+01 1.3435e+01 1.4318e+01  0.0000e+00  2.3057e+05
  37 7.5310e-02 2.0054e+05 1.1868e+02 8.7118e+01 1.5517e+01 1.6044e+01  0.0000e+00  2.0972e+05
  38 2.5103e-02 1.9160e+05 1.1982e+02 8.8232e+01 1.5460e+01 1.6130e+01  0.0000e+00  2.0055e+05
  39 2.5103e-02 1.8379e+05 1.4419e+02 1.0436e+02 1.9722e+01 2.0112e+01  0.0000e+00  1.9160e+05
  40 8.3678e-03 1.7599e+05 1.4716e+02 1.0657e+02 2.0094e+01 2.0496e+01  0.0000e+00  1.8380e+05
