  #     beta     phi_d     phi_m   phi_m_small     phi_m_smoomth_x     phi_m_smoomth_y     phi_m_smoomth_z      phi
   1 3.2561e+04 4.8129e+04 4.4946e-02 6.1500e-05 1.3024e-02 3.1861e-02  0.0000e+00  1.9515e+05
   2 1.0854e+04 4.2845e+04 4.6278e-02 6.4959e-05 1.4244e-02 3.1969e-02  0.0000e+00  4.9592e+04
   3 1.0854e+04 3.3616e+04 5.1457e-02 6.8906e-05 1.7160e-02 3.4228e-02  0.0000e+00  4.3347e+04
   4 3.6179e+03 2.7389e+04 5.4999e-02 7.3254e-05 1.9284e-02 3.5641e-02  0.0000e+00  3.4175e+04
   5 3.6179e+03 1.1652e+04 1.0805e-01 7.9350e-05 3.2561e-02 7.5412e-02  0.0000e+00  2.7588e+04
   6 1.2060e+03 2.6795e+03 3.4360e-01 8.5177e-05 8.9925e-02 2.5359e-01  0.0000e+00  1.2043e+04
   7 1.2060e+03 1.3571e+03 5.2144e-01 9.0301e-05 1.5539e-01 3.6596e-01  0.0000e+00  3.0939e+03
   8 4.0199e+02 1.0810e+03 5.2174e-01 9.1607e-05 1.5593e-01 3.6571e-01  0.0000e+00  1.9859e+03
   9 4.0199e+02 6.9498e+02 5.4893e-01 9.3173e-05 1.5686e-01 3.9198e-01  0.0000e+00  1.2907e+03
  10 1.3400e+02 5.8758e+02 6.3154e-01 9.5352e-05 1.8064e-01 4.5081e-01  0.0000e+00  9.1564e+02
  11 1.3400e+02 4.4352e+02 6.3743e-01 9.6712e-05 1.8275e-01 4.5458e-01  0.0000e+00  6.7221e+02
  12 4.4665e+01 3.7789e+02 1.1212e+00 1.0251e-04 3.3112e-01 7.8999e-01  0.0000e+00  5.2893e+02
  13 4.4665e+01 1.9319e+02 1.1229e+00 1.0375e-04 3.3154e-01 7.9128e-01  0.0000e+00  4.2797e+02
