  #     beta     phi_d     phi_m   phi_m_small     phi_m_smoomth_x     phi_m_smoomth_y     phi_m_smoomth_z      phi
   1 4.7720e+04 3.9609e+03 8.6887e-03 1.5469e-05 2.4005e-03 6.2727e-03  0.0000e+00  2.0095e+04
   2 1.5907e+04 1.9948e+03 1.2975e-02 1.7921e-05 3.0906e-03 9.8670e-03  0.0000e+00  4.3755e+03
   3 1.5907e+04 1.1682e+03 2.6313e-02 2.1955e-05 6.7516e-03 1.9539e-02  0.0000e+00  2.2012e+03
   4 5.3022e+03 1.1368e+03 2.2470e-02 2.5435e-05 7.2880e-03 1.5156e-02  0.0000e+00  1.5868e+03
   5 5.3022e+03 5.8452e+02 5.3463e-02 3.0400e-05 1.5121e-02 3.8312e-02  0.0000e+00  1.2560e+03
   6 1.7674e+03 6.2542e+02 4.3124e-02 2.9970e-05 1.5984e-02 2.7109e-02  0.0000e+00  8.6799e+02
   7 1.7674e+03 3.1741e+02 1.0245e-01 3.7341e-05 2.9785e-02 7.2627e-02  0.0000e+00  7.0164e+02
   8 5.8913e+02 2.8764e+02 9.4236e-02 3.6071e-05 3.4760e-02 5.9439e-02  0.0000e+00  4.9848e+02
   9 5.8913e+02 1.5065e+02 2.0280e-01 4.3622e-05 5.9167e-02 1.4359e-01  0.0000e+00  3.4316e+02
