  #     beta     phi_d     phi_m   phi_m_small     phi_m_smoomth_x     phi_m_smoomth_y     phi_m_smoomth_z      phi
   1 2.9323e+04 4.2590e+04 4.2209e-02 6.0432e-05 1.1953e-02 3.0196e-02  0.0000e+00  1.6780e+05
   2 9.7742e+03 3.8312e+04 4.3561e-02 6.3222e-05 1.3181e-02 3.0316e-02  0.0000e+00  4.3828e+04
   3 9.7742e+03 3.0426e+04 4.8051e-02 6.6476e-05 1.5412e-02 3.2572e-02  0.0000e+00  3.8738e+04
   4 3.2581e+03 2.5001e+04 5.3246e-02 7.0046e-05 1.8237e-02 3.4939e-02  0.0000e+00  3.0896e+04
   5 3.2581e+03 1.0138e+04 1.0688e-01 7.4936e-05 3.3248e-02 7.3559e-02  0.0000e+00  2.5175e+04
   6 1.0860e+03 2.4117e+03 3.2452e-01 7.9148e-05 9.7792e-02 2.2665e-01  0.0000e+00  1.0487e+04
   7 1.0860e+03 9.4096e+02 5.3340e-01 8.7841e-05 1.8540e-01 3.4791e-01  0.0000e+00  2.7641e+03
   8 3.6201e+02 7.2454e+02 5.3316e-01 8.9130e-05 1.8581e-01 3.4726e-01  0.0000e+00  1.5202e+03
   9 3.6201e+02 4.2616e+02 5.4790e-01 9.1139e-05 1.9125e-01 3.5657e-01  0.0000e+00  9.1755e+02
  10 1.2067e+02 2.4986e+02 7.2420e-01 9.6749e-05 2.5638e-01 4.6772e-01  0.0000e+00  6.2451e+02
  11 1.2067e+02 1.6780e+02 7.2685e-01 9.7525e-05 2.5733e-01 4.6942e-01  0.0000e+00  3.3725e+02
