  #     beta     phi_d     phi_m   phi_m_small     phi_m_smoomth_x     phi_m_smoomth_y     phi_m_smoomth_z      phi
   1 4.9036e+04 3.8747e+03 4.8576e-03 2.6344e-06 1.1872e-03 3.6678e-03  0.0000e+00  1.9870e+04
   2 1.6345e+04 1.5407e+03 1.1522e-02 5.1152e-06 2.1424e-03 9.3744e-03  0.0000e+00  4.1129e+03
   3 1.6345e+04 7.5126e+02 2.1123e-02 1.0618e-05 4.0834e-03 1.7029e-02  0.0000e+00  1.7291e+03
   4 5.4485e+03 7.0525e+02 2.0629e-02 1.6767e-05 4.9104e-03 1.5702e-02  0.0000e+00  1.0965e+03
   5 5.4485e+03 5.0651e+02 4.2085e-02 2.1617e-05 1.0163e-02 3.1901e-02  0.0000e+00  8.1765e+02
   6 1.8162e+03 4.6060e+02 3.5290e-02 2.3565e-05 9.3533e-03 2.5913e-02  0.0000e+00  7.3582e+02
   7 1.8162e+03 2.8275e+02 8.1102e-02 2.5140e-05 2.1106e-02 5.9971e-02  0.0000e+00  5.2469e+02
   8 6.0539e+02 2.9772e+02 7.0432e-02 2.2301e-05 2.2913e-02 4.7497e-02  0.0000e+00  4.3005e+02
   9 6.0539e+02 1.5011e+02 1.5605e-01 2.5808e-05 4.3934e-02 1.1209e-01  0.0000e+00  3.4036e+02
