8.842793948417341454e+00
1.037956127314461874e+01
8.496472560665372598e+00
9.266841776941529218e+00
8.301286471087427898e+00
8.588540826762207203e+00
8.232524422875616921e+00
8.581795597929861685e+00
9.063451453385331646e+00
9.147456724521290994e+00
8.805334780694925811e+00
8.940707777785835475e+00
1.159329763404505798e+01
1.242289834901216494e+01
9.914092659663483076e+00
1.042424764101665957e+01
9.290347219304015525e+00
9.861681578307404550e+00
1.192734267848687502e+01
1.266762460172554228e+01
1.100157727713015632e+01
1.275875831300399632e+01
1.538200987699589994e+01
2.191283826750175834e+01
1.929336104364779914e+01
2.327297849997419732e+01
1.815033776428991530e+01
2.026452003920303113e+01
1.678062157510479935e+01
2.178394504458614378e+01
2.463909541844981987e+01
2.212445931925442721e+01
2.541410692869214927e+01
1.874435589864193830e+01
2.043056211376406495e+01
1.742821753887047720e+01
1.615130327335762317e+01
1.406800311206013632e+01
1.233436407110587218e+01
9.069348695623093093e+00
1.009276734832837619e+01
9.181924940893566145e+00
7.146838024383354693e+00
6.480727781092380013e+00
8.171641699179712504e+00
8.421066108520740556e+00
8.123166632067565729e+00
8.307818435251098421e+00
8.411492592123392953e+00
8.451437479948877396e+00
8.372235838854102496e+00
8.395782771508422115e+00
8.486958221805339875e+00
8.528964863685040143e+00
8.421054740971342767e+00
8.458473383354753850e+00
8.298376327043326839e+00
8.326991708059765074e+00
8.259889372774059879e+00
8.268252545002875209e+00
8.346638444479351548e+00
8.375398310859045736e+00
8.279132472578313084e+00
8.298529275761021395e+00
8.086412991188899113e+00
8.205444738134728411e+00
8.060095592862863256e+00
8.125067383515654384e+00
8.194436226432516790e+00
8.210654300646535120e+00
8.165941074507797381e+00
8.165718025866681273e+00
8.218631199274220478e+00
8.230985287762592861e+00
8.168019008906703959e+00
8.174551244169354192e+00
8.115672116655870738e+00
8.123992155981831331e+00
8.096600300550033324e+00
8.093787581224402672e+00
8.125838998242901567e+00
8.128959307032054937e+00
8.092910718075277288e+00
8.093476956751457507e+00
8.610640761798242337e+00
8.703814227851353280e+00
8.517712331211393817e+00
8.600384991172413507e+00
8.862512196196592029e+00
9.037054415252923079e+00
8.725807656860000705e+00
8.907403546872263433e+00
8.418755032032969154e+00
8.482304325519599786e+00
8.328399537898492966e+00
8.372679607907738131e+00
8.577773418868945399e+00
8.724960635889052796e+00
8.438810171529375737e+00
8.540665386132248571e+00
9.395985729546421084e+00
9.788437974975249034e+00
9.211367156567085601e+00
9.702740744669725359e+00
1.069491876820851139e+01
1.155759272029449392e+01
1.061686882234485907e+01
1.215213608945595780e+01
8.969703556558156876e+00
9.407097703523268351e+00
8.706578376766410443e+00
8.994897739874613052e+00
1.028206328550823834e+01
1.214329993988169853e+01
9.524692017454094994e+00
1.043628756180809347e+01
8.249936109587508781e+00
8.277798897526414734e+00
8.185163531548450777e+00
8.200195315612814895e+00
8.318541291425511019e+00
8.379885313516936662e+00
8.220523326060883207e+00
8.251279520288463232e+00
8.133559982169542124e+00
8.136876884288755107e+00
8.093415216526627987e+00
8.069430424685293701e+00
8.111218640682274383e+00
8.117442668088607149e+00
8.025423404851210307e+00
8.021325032296436675e+00
8.015358525886899344e+00
8.007460633491808366e+00
8.020749794836385504e+00
8.015749634068503937e+00
8.003292634396300897e+00
7.999070851786865610e+00
8.476945833783934958e+00
8.639650018700223200e+00
8.297118173654713047e+00
8.363087446139655157e+00
8.912069633217456044e+00
9.132520900546570175e+00
8.423123419668854694e+00
8.120623704213352667e+00
8.128076110158922063e+00
8.138369664532973502e+00
8.015504824190479383e+00
8.008328788969460987e+00
7.995382647694461831e+00
7.989375397554271174e+00
8.004501349054567783e+00
7.990260321275722610e+00
7.981964913996177025e+00
7.968656879724646203e+00
8.109870224821611018e+00
7.736289992482992872e+00
7.963468799188970770e+00
7.912819737431344258e+00
7.944117818520494367e+00
7.891458558006645418e+00
7.725555916800741940e+00
7.420033671002829401e+00
7.752335862542091505e+00
7.401184575353505934e+00
8.042313574572842683e+00
8.068805193199372283e+00
8.031039105803655431e+00
8.033222484224927129e+00
8.062470052116665897e+00
8.067058083706927007e+00
8.050935028875391808e+00
8.048890949751639212e+00
8.067064790182376655e+00
8.066666667559589499e+00
8.047990211853344178e+00
8.047028586905064174e+00
8.030050551704158934e+00
8.033430251128052646e+00
8.023760648782271687e+00
8.023517429804815748e+00
8.033693402940118133e+00
8.032847266050994861e+00
8.023611716170904629e+00
8.022853552792076570e+00
8.024576398759547757e+00
8.013173575804360738e+00
8.023112580411808636e+00
8.005181417484994455e+00
8.012321475882375310e+00
8.015451633362923545e+00
8.009403024969481422e+00
8.010769309786063275e+00
8.016416028337747690e+00
8.015945459285681807e+00
8.011755110807154523e+00
8.011443871081961987e+00
8.004799875883565008e+00
8.007750004655948217e+00
8.006463295134858882e+00
8.009536467446643826e+00
8.009199997200818544e+00
8.009093288461027527e+00
8.011347188501927619e+00
8.011547373956874551e+00
8.064328955701901336e+00
8.040349360661533495e+00
8.043636954102606040e+00
8.021059112825261295e+00
8.002510800143410208e+00
7.996124040708266101e+00
7.996705880700721636e+00
7.988005827269387460e+00
7.991228748640335056e+00
7.986756169120391213e+00
7.982388244032025071e+00
7.977456860186749488e+00
7.988891438600634665e+00
7.981027028595386597e+00
7.984801216673070634e+00
7.975605766125146268e+00
7.975304104451883092e+00
7.970084502897718082e+00
7.969567215413333017e+00
7.964103881500207649e+00
8.029088266790243011e+00
8.007795399989763752e+00
8.019002195994165305e+00
7.998645294818053308e+00
7.979420967734585979e+00
7.970812911451148786e+00
7.976405034541191874e+00
7.967002964594782632e+00
7.964771413789743626e+00
7.959175275595145038e+00
7.960814293696794053e+00
7.955107640449377016e+00
7.972588949795717639e+00
7.963632064912713027e+00
7.970403895468525235e+00
7.960962999812426943e+00
7.957492829498463038e+00
7.951746061081930605e+00
7.954770278061343625e+00
7.948999971362223249e+00
7.981860375069295799e+00
7.975460208253558392e+00
7.971950146704097406e+00
7.964969912170038135e+00
7.966664216645598984e+00
7.952857973125841973e+00
7.955383126315657805e+00
7.940802825132903919e+00
7.964188415826181533e+00
7.956748821228463164e+00
7.957927230733466750e+00
7.950147899757077141e+00
7.946596295809935206e+00
7.931389552527939202e+00
7.939584566331081561e+00
7.923946456348640588e+00
7.928082729758717306e+00
7.876034259872850996e+00
7.915404282875252662e+00
7.863642786838428655e+00
7.748390018523344303e+00
7.404665446384969485e+00
7.741372611850279029e+00
7.414031567259177891e+00
7.905566937527384930e+00
7.854783885791045250e+00
7.898012945682462593e+00
7.848962366729913320e+00
7.739874602281997085e+00
7.442811221412092948e+00
7.744181949382713981e+00
7.498058275825922436e+00
7.952808011708881075e+00
7.944789995115394632e+00
7.948609591928158302e+00
7.940436637635448491e+00
7.933947272342327217e+00
7.918061097486185140e+00
7.929431592302135456e+00
7.913463560292557375e+00
7.945177964672665460e+00
7.936926543636878328e+00
7.942409064349488901e+00
7.934149126541334418e+00
7.925866886408072354e+00
7.909970066494766527e+00
7.923136205846302182e+00
7.907456188659688578e+00
7.892272696685096456e+00
7.845180773298586985e+00
7.888027261847830651e+00
7.842944361280575372e+00
7.749254976373775250e+00
7.537075824797576651e+00
7.754444500484892089e+00
7.565472069929083609e+00
7.885070240544925113e+00
7.842040969914973125e+00
7.883275754942732583e+00
7.842405332642881532e+00
7.760038741447631061e+00
7.589024335804248622e+00
7.766450262390145909e+00
7.611014673788810470e+00
8.012147899489796998e+00
7.992412770492271612e+00
8.007721740271913191e+00
7.988368025088438351e+00
7.967702893399136066e+00
7.958628512164856339e+00
7.966210734006430982e+00
7.956840659386163139e+00
7.952525417039239208e+00
7.946786993114351993e+00
7.950747654125542851e+00
7.945059146128130578e+00
7.964396320484863345e+00
7.955331966847259295e+00
7.963522339833634334e+00
7.954287817367234226e+00
7.949359228447668180e+00
7.943766475876059552e+00
7.948367284967772228e+00
7.942881559730319729e+00
8.005475178875190778e+00
7.986370877743986796e+00
8.008135734279886009e+00
7.989096163436030906e+00
7.962614487690155229e+00
7.953577312799724019e+00
7.962598264773554924e+00
7.953546601512366365e+00
7.947773210405588706e+00
7.942410615037354127e+00
7.947806478803904007e+00
7.942544413934448322e+00
7.964014090869301121e+00
7.954996412227879787e+00
7.969091107992116285e+00
7.961311957152619634e+00
7.949360980550491007e+00
7.944201067185574061e+00
7.956066759517807618e+00
7.951223255922713840e+00
7.940226043996157834e+00
7.932026635704765738e+00
7.938573930577126347e+00
7.930502129631491037e+00
7.921158381478577759e+00
7.905835975775209690e+00
7.919873263789391160e+00
7.905041681969339429e+00
7.937405309505634499e+00
7.929526261170700252e+00
7.936679681292162947e+00
7.929048005143319422e+00
7.919226462389036492e+00
7.905005546796598281e+00
7.919154397384374988e+00
7.905642843572727507e+00
7.882561618365428124e+00
7.844019699362876352e+00
7.882850377806756015e+00
7.846822666357014420e+00
7.774010673464112564e+00
7.633290557588296110e+00
7.782813966134860095e+00
7.656591765890944146e+00
7.884042991466224670e+00
7.850658381084166137e+00
7.886007970714410398e+00
7.855284916281254581e+00
7.792628722389585150e+00
7.680584398911937782e+00
7.802948739577668213e+00
7.704057364188829915e+00
7.936384433919540626e+00
7.929027493907813806e+00
7.936670897312530393e+00
7.929560735249721048e+00
7.919583464150480978e+00
7.906837738047506114e+00
7.920531597650002809e+00
7.908504203447299652e+00
7.938455975378318819e+00
7.931535997107861391e+00
7.945859645243761982e+00
7.939437147549735840e+00
7.922814885614643643e+00
7.911319087793148519e+00
7.931387345220459295e+00
7.920829297040830497e+00
7.888568336324211394e+00
7.860405248635626840e+00
7.891509906054333889e+00
7.865651695169239233e+00
7.813161691522050312e+00
7.725496667058826539e+00
7.822640863662082999e+00
7.743416758522378984e+00
7.895282931350998012e+00
7.871171625803173200e+00
7.906157798502801093e+00
7.884103029222425008e+00
7.831212584933764376e+00
7.756711788861614387e+00
7.847144825625886000e+00
7.775275888327526808e+00
1.441683977650292903e+01
1.613108573224480224e+01
1.489220500397174085e+01
1.854055087533684798e+01
2.095241449902347952e+01
2.151641942922377382e+01
2.112245505308262494e+01
2.339381704403291806e+01
1.554572158792569780e+01
2.021122546170587952e+01
1.158000564084807316e+01
1.614712700829276315e+01
2.130721666531982805e+01
2.398019956972387945e+01
1.579553892074541821e+01
2.037665108207365705e+01
2.444348000875751836e+01
2.162874417565282670e+01
2.492190558934244393e+01
1.979711761783246970e+01
1.616109771025466202e+01
1.400504671834874060e+01
1.508072828047149727e+01
1.208106958783650775e+01
2.515853761272300915e+01
1.816854041453625257e+01
2.370492726765505864e+01
1.640688704814513343e+01
1.350460132680843373e+01
1.088514750180762825e+01
1.227559146712446747e+01
1.044662276428366887e+01
8.092377242833093121e+00
4.688667627495595625e+00
3.488818069318365467e+00
-8.927581438109990586e+01
9.799771820988096849e+00
1.464337083627929559e+01
4.478633656502067240e+00
1.155864043513628658e+01
4.686307960995295119e+00
-4.348825278089351798e+01
6.103000370101435479e+00
2.215175644803007771e+00
6.270567409430787720e+00
1.683514809434979220e+00
-4.086483364872474766e+01
-1.909068924647947973e+00
-4.130011864886810713e+01
1.068897346384649172e+00
5.922432535758258787e+00
1.211324560956570906e+01
5.776086712259584033e+00
7.732910483276624447e+00
6.047164038449110990e+00
8.107289973934321381e+00
1.052537374987215912e+01
1.563740741891356301e+01
1.074425020817755616e+01
1.890968199002053041e+01
2.139164988703191739e+01
1.793648316865742487e+01
3.784941836570985174e+01
7.137634443116208161e+01
1.536423362600737974e+01
1.444654912930835167e+01
6.977081213578209429e+01
6.748085379218595392e+01
6.082606094932725682e+01
6.669162835340945605e+01
5.751657205789439331e+01
6.135579654981420106e+01
6.152694742715297593e+01
6.475928905978798866e+01
6.221509481443182210e+01
5.471888500792100984e+01
5.758952357973821279e+01
3.776273071605253762e+01
5.465807967544540702e+01
4.751189614721157994e+01
2.694103588782530068e+01
2.330287309197422729e+01
1.970299163312228785e+01
1.488531739801867992e+01
1.763259541504908157e+01
1.707499426478313609e+01
1.187588502154231840e+01
1.142500597183772548e+01
1.018434697348404327e+01
9.469589252347386577e+00
9.735067687170243289e+00
8.540718505096577928e+00
7.884132028951073679e+00
7.661021666850070133e+00
7.634640440917880966e+00
7.223918236345719279e+00
9.248637382416927011e+00
8.178064656716154346e+00
9.339226069288439902e+00
8.389016141873071319e+00
7.508565145509084715e+00
7.190761953365911729e+00
7.794089846841405489e+00
7.532986889209747794e+00
7.040111768733768649e+00
6.954110694583850005e+00
6.968259937519761138e+00
6.896101478709923072e+00
6.813547077549495512e+00
6.692896014027018836e+00
6.880068633438627401e+00
6.878511082402796184e+00
7.074792175351065637e+00
7.076982651018101755e+00
7.463504719049712577e+00
7.489036581110044111e+00
7.121145491823241969e+00
7.169070709670571695e+00
7.538725905997660348e+00
7.575545488195763788e+00
1.346665386670179387e+01
1.187838486624758438e+01
6.107926933661283186e+01
4.964941783181824064e+01
9.769626313172457444e+00
8.683310960799717648e+00
2.648570008804189513e+01
1.459102528483882111e+01
4.987749132443603628e+01
4.813419126497726097e+01
1.647256801452519781e+01
1.686656556569248266e+01
1.108469185601039442e+01
1.076587430329713513e+01
1.557007126162800326e+01
1.644723983194016981e+01
1.029304605426850117e+01
8.749538803884586713e+00
4.233655836716702225e+01
3.889516841084812881e+01
1.322260837886141616e+01
1.483391005617371050e+01
7.272823567534246081e+00
3.932741034076069120e+00
9.510184055591555108e+00
1.245499074683595708e+01
2.293257388227914362e+00
-2.363581054562065020e-01
8.350886190983954904e+00
8.273088069589396909e+00
1.153435792127552340e+01
1.089635602815419091e+01
8.254386885783333128e+00
8.216718566270627022e+00
1.078878213067977931e+01
1.068578486020945562e+01
3.859031314495073417e+01
4.047057507118007891e+01
7.305269823419972219e+00
1.137975094538208509e+01
-2.724452611100236510e-01
-2.158919139555504074e-01
9.553808366494790150e+00
1.392744442252490167e+01
1.110975455921288102e+00
3.993188895204495381e+00
4.332267655812664486e+01
4.434840490361845866e+01
1.563955626904513707e+01
1.965903294361886822e+01
7.285438342004608714e+00
1.237807670915248259e+01
4.153267571306189154e+01
4.531651915263674368e+01
2.586589189261513866e+01
4.321637757757619624e+01
6.324533658651271928e+00
1.680356102215770697e+00
6.380918675159766629e+00
1.787101694448655742e+00
-4.103534126841941543e+01
1.264430460027654135e+00
-4.050863174037083070e+01
6.195773043387905465e-01
6.507923844234515975e+00
2.046646349303035350e+00
6.870538466524336307e+00
5.081615332358045301e+00
-4.235886254825281583e+01
-9.374625982095032839e-01
-1.635057249854785510e+00
-4.155893492678535495e+01
6.088700670717944519e+00
8.294104396070709484e+00
5.775613963390311412e+00
8.597711157700837603e+00
1.189212807133783656e+01
2.533547965236918031e+01
1.501409943072440711e+01
3.769979836770343695e+01
4.977144930456895544e+00
9.516039021658212249e+00
3.158586886616726375e+00
1.271108146707853770e+01
2.399061691670996765e+01
5.372500059984614040e+01
4.923817459114067674e+01
6.653434503248068665e+01
7.038582984439406331e+00
5.760132010262721813e+00
7.130179676200319783e+00
5.988480220442510493e+00
1.102564993795984272e+00
-3.981857823697971099e+01
1.482264610214945266e+00
-3.958024992065738701e+01
7.195790181751079650e+00
6.125437774842564131e+00
7.252994102783937969e+00
6.243784837869484683e+00
1.657499773136677845e+00
-3.927679967667285865e+01
1.824553337474760450e+00
-3.894783354545647569e+01
3.737077618159736048e+00
1.969684803517972327e+01
4.911806017256273194e+00
2.983410394155584555e+01
8.004609505743869136e+01
7.925764166401296507e+01
7.597774956971312577e+01
5.561806079406230197e+01
5.916040899587514446e+00
3.789138350206901151e+01
5.655049961284904114e+00
4.216549643957018390e+01
4.013326081877449525e+01
2.440566185636915719e+01
2.429540283039446535e+01
1.484766042855600432e+01
6.596806138048120260e+01
6.425989352667944843e+01
6.901811602177227201e+01
6.162769484252200414e+01
5.041079952374971640e+01
2.893975065169410144e+01
4.584066916324474761e+01
2.678055829208948069e+01
6.913463106515887091e+01
5.818730538478512671e+01
6.757520129134509546e+01
5.731440403030357089e+01
4.566060361628295539e+01
3.023989871138860153e+01
5.089397158418825740e+01
4.085542109545220768e+01
1.565962811078594541e+01
1.051888917240524179e+01
1.283501962044752176e+01
4.199951376397375036e+00
7.623668162646143998e+00
6.308200814559783431e+00
-4.212696880032471114e+00
-1.841440107623490974e+00
1.025913707699016264e+01
-1.192521943991595812e+01
4.301107075719203365e+00
-2.059527572175367638e+00
-2.998749344439266551e-01
2.070621913272050918e+00
1.197609221442268002e+00
1.546410842900908023e+00
7.461413110411834282e+01
7.070905015187152287e+01
3.874600620493083625e+01
2.923907701787197766e+01
6.494043164358632225e+01
5.641698066498785380e+01
2.654262635094304912e+01
2.828057694489655916e+01
1.730167913387523981e+01
1.500078977089850341e+01
1.202532186987218843e+01
1.133202996164386889e+01
1.471367543458020322e+01
1.589070420634564940e+01
1.142289944732808316e+01
1.230793036512215011e+01
-7.984215476282489732e+00
-2.774890773949563183e-01
-1.286482255086778359e+01
3.268667626238759283e-01
1.143704546292499735e+00
8.284238289498908614e-01
1.193692343074446605e+00
3.836103995117801091e-01
-6.188165923613786035e+00
9.487562561738807076e-01
-2.076640601914840012e+00
1.516516624741501396e+00
1.322663626308082652e+00
-1.165364353350798687e+00
1.291028941778262329e+00
5.318583535438879295e+00
7.309182552369821728e+00
6.365831794706199531e+00
7.367171985594141326e+00
6.500178101807347453e+00
2.024357626013528755e+00
-3.863597217294400821e+01
2.284354524352961491e+00
-3.830371652951033923e+01
7.426372845387605892e+00
6.646874154955271230e+00
7.483561888270612528e+00
6.798627845873534525e+00
2.639880405444909428e+00
-3.711388269479970603e+01
3.055872995191698749e+00
-3.618078474691116497e+01
2.478394847639275422e+00
3.508118647983686600e+01
-8.267388188318751219e+00
6.402330349866112158e+00
1.954349537615313892e+01
1.171498357937076307e+01
1.652601636669262675e+01
1.074601868351078338e+01
-1.961784383215560368e+01
-2.819308636241866850e+01
-3.260289958639953412e+00
5.647097005991645879e+00
1.155800777717843175e+00
1.044776830811916568e+01
7.391551455966537176e+00
1.315445768041993446e+01
7.535742289957904738e+00
6.967346228432633737e+00
7.578939755993546967e+00
7.178578995071628555e+00
3.704727999727714494e+00
-3.867733956663211359e+01
5.991764644673461149e+00
1.464022563362530782e+00
7.599324988310073081e+00
7.229662768612582724e+00
7.606014826417124119e+00
7.126008212474631343e+00
6.298679964439402035e+00
3.207462720496234709e+00
5.789577446188730825e+00
4.015748201079330393e+00
-2.997941821415408725e+01
5.958739402243033112e+00
-3.582145642696072230e+01
6.398964324188125552e+00
6.932560258270279441e+00
8.322935735632512433e+00
7.064747296114185282e+00
7.319836730663724644e+00
-3.434514388807239271e+01
7.084512170551668930e+00
-3.307768076464653006e+01
7.349259156122575298e+00
6.831670163309686572e+00
6.617668918905242670e+00
5.783610580287152025e+00
7.183366732075294081e+00
1.031826244556621575e+01
1.010817147884918832e+01
1.000110226992503826e+01
9.934032446781406733e+00
1.024363534497829953e+01
1.103161115948989135e+01
9.973542639561269851e+00
1.044106730596777410e+01
1.104258981230182002e+01
1.084370113333784502e+01
2.329516792961404548e+01
1.656103953570393017e+01
1.065882489354357610e+01
7.613148041881673933e+00
1.414957371285900045e+01
-5.253696840819427116e+00
1.703849736087734712e-01
1.924900717448657872e+00
1.044101542105456470e+00
1.979093130089704555e+00
1.204813140455193832e+00
8.536890043757029645e+00
1.908446395838110377e-01
8.945528741482505097e+00
9.319941411093410899e-01
1.569635321414453166e+00
-8.511665281739482225e-01
1.442210445579750200e-02
-2.551517482190189590e+00
9.707673745377121577e+00
1.145584636955465641e+00
1.204610609536285182e+01
1.886211815059386510e+01
4.896301168985013419e+01
9.433953040588775707e+00
1.508720291021501581e+01
1.280338202485399535e+01
4.019265689418801912e+00
9.145334156450203977e+00
6.072243910386370125e+00
6.998193631559257888e+00
7.560786753636642210e+00
5.459050368767143446e+00
6.737921273856380289e+00
7.286487973601230017e+00
6.765822779521100117e+00
5.955252932123754839e+00
6.557774471980347464e+00
5.273419694697150106e+00
6.304743730750574926e+00
7.550291547345986842e+00
7.949204309202862362e+00
9.030810427400714602e+00
2.460991157894801518e+01
1.008705802697480536e+01
1.651120190830077661e+01
7.753021840476773008e+00
7.069728181019505620e+00
6.085819699280377471e+00
6.936531957627256162e+00
7.612064412022289339e+00
8.008745099508535858e+00
5.836013059432212380e+00
7.340592288753508221e+00
6.361811384188988505e+00
6.442697532030671859e+00
4.480799838472471208e-01
1.878757656769876050e+00
6.568473463219638653e+00
4.918209888153742604e+00
5.306067770619514512e+00
4.335687049777710911e+00
2.513912265445528149e+00
2.850544193350536659e+00
1.412788189509337045e+00
1.932883230626937454e+00
8.430895351342629240e+00
3.980995821389948119e+00
6.087321744007061497e+00
3.027755456462869255e+00
2.284329391353452365e+00
-4.831602717945457925e-01
-1.136325325522797414e+00
-6.540645882770723674e+00
-2.555232896613448546e+00
-4.276195629796761821e+00
-1.127076136620919300e+01
-1.490370062806392149e+01
-1.072889204548747166e+01
-2.093450935951243963e+01
-1.578796133385538880e+01
-2.804555029913335318e+01
-2.652498847446629782e+01
-2.989147671625494596e+01
-3.261714090508003494e+01
-3.335217755303468579e+01
-3.425913622902161393e-01
-1.777164738124385579e+00
-3.787296575130096876e+00
-6.260262168283205142e+00
3.074316370189489334e-02
-5.365470418554874499e+00
4.166766421891795247e+00
6.554792092614233567e+00
5.482754468024851668e+00
8.994103046566522153e+00
8.690031059459638385e+00
9.382196317534829078e+00
9.749887398450407971e+00
1.017102132196605524e+01
9.944554548199405986e+00
1.042928024465584258e+01
-7.088562325924808505e+00
-8.268219406133987093e+00
7.021939800881325411e+00
7.336522688106237311e+00
-1.201738641939112640e+01
-1.615266338842614147e+01
7.384095026052287736e+00
5.649574725246622187e+00
1.062978820106655498e+01
1.153935667111645991e+01
1.090644207098757512e+01
1.205994048916764427e+01
1.293393321035228638e+01
1.474183342844694522e+01
1.340526237020076827e+01
1.795383755047556562e+01
-5.675526311272292901e+00
-7.204325786149926358e+00
-1.729212465838024571e+01
-1.834692303123332380e+01
-8.555758447649976617e+00
-9.028048373031905882e+00
-1.960028005223014702e+01
-2.050298924407769618e+01
-3.054474065675725214e+01
-2.781368467654928622e+01
-3.178659836336739630e+01
-2.695907142349309993e+01
-2.623007625310724933e+01
-2.592996922014568639e+01
-2.362410900213236786e+01
-2.346799733489911333e+01
-7.888350622211914853e+00
-4.848511881523933198e+00
-2.005369853259334789e+01
-1.853725110525148523e+01
5.925503818248838428e-01
1.261288396135612011e+01
-1.661715978904066304e+01
-1.222432096410386571e+01
-2.533043283251927491e+01
-2.345311925081779592e+01
-2.442156896412853229e+01
-2.461236080735800869e+01
-2.190531015057948139e+01
-2.096418824554943683e+01
-2.332666015066660492e+01
-2.294162864107510202e+01
-1.756843624205014720e+01
-1.685016276574648941e+01
1.576044833519798516e+00
-1.927756300278780088e+00
-1.408350581893683362e+01
-1.414691859069629487e+01
-6.828099670959595358e-01
-4.457934611261098468e-01
1.489739476196407608e+01
1.574678712703444816e+01
2.212411751804478044e+01
2.658271547515187194e+01
1.582710395083121391e+01
1.662510180410050253e+01
3.096584642806739396e+01
4.064305366224686367e+01
-1.657159010625007767e+01
-2.026777601850410804e+01
-3.243202387101028705e+00
-9.880019968796782237e+00
-1.875412380907571830e+01
-2.027664287817633948e+01
-5.173136221548737979e+00
-1.105606090794853458e+01
1.355753094540481207e+01
5.423187763793928973e+00
3.697057898424169764e+01
2.435831228566104656e+01
1.690312953914462213e+01
3.606141335183593810e+00
3.720685195035937909e+01
1.209415836210476414e+01
8.742432419875694194e+00
9.127928051783829488e+00
8.813822626420602546e+00
8.921377924447627450e+00
9.635717278194361413e+00
1.028049881232165674e+01
9.373417861719929078e+00
1.054085621278697715e+01
9.249771620144805695e+00
9.100826218530235323e+00
1.081467909205803934e+01
9.554616482053525317e+00
9.403889783238918554e+00
8.094048145653243154e+00
6.624249356488478568e+00
4.710112099961390797e+00
1.218438249407487639e+01
2.396172118773914050e+01
1.218359245445122063e+01
1.047200574468896050e+01
2.063126258390923340e+01
1.344736669814041363e+01
7.304594152052301226e+00
5.714440406463748623e+00
6.168686367633553935e+00
5.458273663986346946e+00
3.582076396456336909e+00
1.491510115644850920e+00
4.204194201177042345e+00
4.803123252849437641e+00
5.425303487120109480e+01
5.382314463407936955e+01
1.672907607387265472e+01
5.629660027589181936e+00
8.566678239995786370e+00
6.291124068524075241e+00
4.723710097634151950e+00
4.003054259085484290e+00
6.347488405191930916e+00
7.980544645263927706e+00
7.219043132762005932e+00
7.525234062792535816e+00
5.763333359711030113e+00
7.309710983337668111e+00
7.562485815210892248e+00
7.495578709725792876e+00
6.250665140029494360e+00
7.198365990002316472e+00
6.277826716656583983e+00
5.805504185121191085e+01
1.307332519525177972e+01
6.501658390875918769e+01
5.362590438220621536e+01
3.353153742146108840e-01
1.636599313420889956e+01
4.921408440242847959e+00
8.083752368151284173e+00
8.201185600609186110e+00
5.828415318547016000e+00
7.310603810342135134e+00
8.260516517669156400e+00
6.814978089016178409e+00
6.194942216072494290e+00
6.940973054911382611e+00
1.010296547741400275e+01
9.938369398899880025e+00
5.674024548541176216e+00
6.061595612374323316e+00
1.279190311217484322e+01
2.741854895148655302e+01
5.985530920413733469e+00
6.431422294119304439e+00
7.680327715577185188e+00
8.937360001419552447e+00
5.451704132699554606e+01
1.790043032256105704e+01
1.197439329087095317e+01
9.526184925058130304e+00
6.475083159612888828e+00
5.959546686691701289e+00
1.897919212292430302e+01
2.710722554319318078e+01
6.355019498644935538e+00
7.495025235325787349e-01
2.685893288957408487e+01
3.367338486285571975e+00
-2.996850794436493004e+01
1.017343256477869851e+01
6.960609667403749867e+00
6.070693326485532282e+00
4.342758796713443559e+00
4.537390348523256733e+00
6.053464335495747584e+00
1.724899214741230224e+01
4.829842501451018677e+00
5.309685383190294594e+00
5.693631154154282115e+00
4.552421878598693183e+00
6.287031606694105434e+00
7.775412798907439971e+00
3.561640311661901315e+00
-2.130207378638306892e-01
1.417708880341118061e+01
4.337740148589855949e+01
8.531875407248440624e+00
8.175599329235723189e+00
6.417958821988011486e+00
6.937379658818787931e+00
9.243813672251071978e+00
7.882726436926703606e+00
6.074413554049756137e+00
7.281928222494502556e+00
5.126153076436145284e+01
5.360996463964016812e+01
4.770848486797459032e+01
7.811986472961760519e+00
2.819059804281516790e+01
7.171060162892770151e+00
6.639371811436497239e+00
5.569403336544151095e+00
7.361739727413253220e+00
6.598107119515091767e+00
6.339779984605621976e+00
6.879493262260575115e+00
6.448019492619209814e+00
7.264870385600664449e+00
5.820350831676058156e+00
5.957563068828540587e+00
3.362813454435559635e+01
6.158201305653094693e+01
1.136379340899146939e+01
1.038118238458395126e+01
7.256075281834344359e+00
6.909912773852660450e+00
6.212243196894183583e+00
6.132744903458634766e+00
6.763014791901056810e+00
6.237499579768098101e+00
6.151416597518992724e+00
6.035976196173498565e+00
7.547415397503892898e+00
7.609069245064290499e+00
6.543698186440125575e+00
6.290494139283862474e+00
6.252446826731711482e+00
6.405847385287215978e+00
6.865192476064563287e+00
7.018295828081003940e+00
6.731036607066247512e+00
6.691177599228978146e+00
6.782458677115365653e+00
6.816488990154932814e+00
7.055429386782074097e+00
7.131835972856973349e+00
7.133869468461754515e+00
7.656665802910077367e+00
1.415755454763900332e+02
5.030124682294324430e+02
8.417196518503434532e+00
9.089945922232804065e+00
8.124637191982778006e+00
8.836397406790274189e+00
8.513287138978760993e+00
8.657262607452636871e+00
8.510888541532949603e+00
8.395503873505528958e+00
8.687886274422126576e+00
8.485693615256641564e+00
8.114269822887113293e+00
8.015838350666896872e+00
8.377446797869437134e+00
8.410537116718934669e+00
8.193611911987179752e+00
8.357397953684486680e+00
8.199641120401075511e+00
8.370507267369305282e+00
8.417511796659503887e+00
8.477130577509552012e+00
8.492933612609864014e+00
8.591106907000304105e+00
1.022000195353498242e+01
7.208812910991965737e+02
8.522852709453148989e+00
8.718705422762374369e+00
8.589853180496991314e+00
8.580309959663084740e+00
8.674314503383264707e+00
8.726704543200279218e+00
8.621462273137554533e+00
8.726720624047700881e+00
8.760573400971356506e+00
8.961957466821582230e+00
2.178965190974443189e+01
1.053173049285542675e+03
1.093538934371988169e+01
1.156351395744137335e+03
6.767573178979993109e+00
6.621791792047208247e+00
6.920114320856373347e+00
6.900429444879867980e+00
6.744884761698105358e+00
6.536797078431229480e+00
6.925766538893830315e+00
6.850977068275902582e+00
7.210430049713923317e+00
7.223071182559657188e+00
7.592483317008287713e+00
7.588776252129781241e+00
7.219192543697937836e+00
7.170106245264413758e+00
7.559079603069406517e+00
7.496928991603533987e+00
6.691421051288591215e+00
6.457139382357793167e+00
6.850887097580179663e+00
6.733893518257914934e+00
6.583839565420190887e+00
6.350482772447774593e+00
6.706900174724514052e+00
6.594526848692197518e+00
7.111736812898882931e+00
7.010611205858889861e+00
7.405223207890585968e+00
7.288932167941721829e+00
6.914857883844875985e+00
6.799294417045451233e+00
7.149171045746234299e+00
6.990619829293938992e+00
8.139135018638736341e+00
8.030868645377355008e+00
1.016901831526969602e+01
8.804502904022172061e+00
7.932718971259252072e+00
7.831979441285513488e+00
8.414572138682093083e+00
8.215040903198749689e+00
3.898336421115166672e+01
1.133074499141867619e+01
4.331824643726520208e+01
3.873746103114845596e+01
4.751105309693642198e+01
5.234186155103093796e+01
1.523843502352314694e+01
1.242440975851631713e+01
2.665441620597427175e+01
1.640415991810083085e+01
9.505306661206116559e+00
9.073671947513247460e+00
1.118677514050203570e+01
1.056068314541810516e+01
1.387637334514518805e+01
1.183667548532168112e+01
1.003734681570419518e+01
9.746669839843104199e+00
1.090917724803095545e+01
1.031434373921619319e+01
7.720636506222068540e+00
7.584184157239123536e+00
8.324589567038069404e+00
8.093166011061697418e+00
7.407689339880356272e+00
7.201194522996263281e+00
7.852100906139207304e+00
7.590696180538613724e+00
9.081412519832703367e+00
8.828087258361279055e+00
9.275189376632500426e+00
9.051354558997145361e+00
8.618913549751850312e+00
8.461190852861310674e+00
8.846265101158270028e+00
8.662165988000102956e+00
9.520986533806917507e+00
9.283365017055473345e+00
9.902175089459655410e+00
9.578294917307063727e+00
9.060387564308317820e+00
8.855668415282348604e+00
9.303077453350528714e+00
9.064642236380713314e+00
8.282713708930847574e+00
8.131890702013532035e+00
8.486126015491811003e+00
8.311044110718306399e+00
7.947744862340983651e+00
7.792884472015130015e+00
8.129899456125887269e+00
7.939050011626403780e+00
8.663255444356265045e+00
8.470954162497886131e+00
8.848348315517526430e+00
8.634305075331353052e+00
8.268667543774988360e+00
8.045502585573881760e+00
8.403013764651465323e+00
8.138694820087893689e+00
6.567529389262857009e+00
6.386398849002433487e+00
6.603266639831937290e+00
6.534265462933424473e+00
6.569710981798051463e+00
6.470368459394142846e+00
6.560082492244431407e+00
6.577235213639882616e+00
6.713942851370415354e+00
6.624753872259464771e+00
6.835827884729654080e+00
6.676195120967171270e+00
6.589848752509374741e+00
6.626172235425524804e+00
6.582873465274955649e+00
6.595375210903081431e+00
6.748294844357160649e+00
6.945976084504119186e+00
6.762746101440194835e+00
7.036947962032300552e+00
7.296092569950926254e+00
7.821637385469479398e+00
7.365051132575501036e+00
7.700804260085460484e+00
6.809360784306662140e+00
7.061295306581004461e+00
6.769517767988158852e+00
6.905733616837715694e+00
7.265365811608861080e+00
7.426922133753535604e+00
6.962882401639562957e+00
7.127487701721770819e+00
6.991118825387952818e+00
6.836832017126383221e+00
7.324641558014111098e+00
7.154375590135398255e+00
6.970008126922427216e+00
7.224567517440492637e+00
7.039731845457961157e+00
6.632800094173584071e+00
6.485651876645452063e+00
6.812626285800546633e+00
6.652364580334867661e+00
6.870031107021648431e+00
6.684928217064645573e+00
6.493707562818570977e+00
6.255026292390640563e+00
6.478417594268441881e+00
6.185450125967727253e+00
7.602857043943354043e+00
7.432249319894233430e+00
7.734230701273675734e+00
7.516461680623220509e+00
7.265917000758539857e+00
7.085790920424123840e+00
7.305991601617773057e+00
7.106605702532121427e+00
7.801534096170898991e+00
7.546458050304475584e+00
7.842002320082709588e+00
7.535229558594558341e+00
7.303182610390831719e+00
7.081938283200014617e+00
7.252160612329329403e+00
7.005393480983533649e+00
6.908591634495778955e+00
6.718380854243364730e+00
6.917030961758151797e+00
6.717395820635785775e+00
6.486749154277505980e+00
6.156481348051831226e+00
6.463030523729667465e+00
6.088989256360569868e+00
6.879304328182499262e+00
6.667326887028089288e+00
6.788108674970037448e+00
6.558169875437393159e+00
6.384235852066279193e+00
5.956310521904336852e+00
6.230467476945263705e+00
5.727875409621566050e+00
6.393989120674709703e+00
6.336921635216397064e+00
6.017209857714707510e+00
5.646095287284863318e+00
5.812089878351274663e+00
5.372531125081567716e+00
5.509899839470444149e+00
5.571381655323593307e+00
5.227252885389853887e+00
5.437059949160938821e+00
6.534911847906650806e+00
6.679895955661239171e+00
5.867932974540783775e+00
5.724081832776243495e+00
5.488637661986080829e+00
5.312660037251937695e+00
5.722866457522281181e+00
6.042680695215468134e+00
5.521610944287193234e+00
5.957266119888003253e+00
5.703758310949509358e+00
5.232846146414666499e+00
5.579089104557153789e+00
5.098917951004930948e+00
5.097282595596668742e+00
5.264730469062128826e+00
4.983128947108211193e+00
5.054072429818951662e+00
5.396987961797833577e+00
4.935366296752254911e+00
5.119180527599889174e+00
4.719398437061997242e+00
4.851622423563847875e+00
4.847662994471423126e+00
4.690831290003909970e+00
4.638208106658151308e+00
5.193209809322056003e+00
5.218187960198013897e+00
5.012050641512000304e+00
5.238584235962067126e+00
5.595915542921044761e+00
6.086841793494837560e+00
5.704493994814377800e+00
6.197248768935856411e+00
4.902799071787020679e+00
5.257048995098489996e+00
4.764462878672620860e+00
5.161702971316241673e+00
5.748694617600965451e+00
6.221058965218403181e+00
5.639758713408681956e+00
6.092141612257634620e+00
3.073611517809499105e+01
5.078234087834564292e+01
-2.372893455204447832e+00
9.045231213205513043e+00
5.093968283669704533e+01
5.178436012942065503e+01
1.790006966783220221e+01
5.232377185412306630e+01
-1.760287428326965298e+01
-9.239235162313152117e+00
-2.083408483646126896e+01
-1.556123912454534519e+01
7.007529860843302316e-01
1.156650257578939645e+01
-7.984874168030877684e+00
-1.877573876902598471e-01
3.911259527930997848e+01
1.673684091962188702e+01
5.195548953327254083e+01
5.440770987255238822e+01
1.335428446315644813e+01
1.147404254554884062e+01
2.995716528796778277e+01
1.584622040015990763e+01
1.865188785563374196e+01
5.638142220422831485e+01
8.465578774315895672e+00
1.759744899995535405e+01
5.487325597670309207e+01
5.875395179482605101e+01
2.761138157732534282e+01
5.532653008674310513e+01
-1.945136410281945416e+01
-1.603400257082302716e+01
-1.216658980219862585e+01
-9.984237002425324192e+00
-1.082979674962350103e+01
-4.707836737509191849e+00
-7.453750627594315503e+00
-4.748877906978448138e+00
2.145358867620695165e+00
3.424336989670281994e+00
2.308515649409840265e+01
2.308729824704980516e+01
3.087536138530280638e+00
1.481251226555308165e+00
1.773598316578707568e+01
1.269952935173463793e+01
2.421241792047203134e+00
1.018318296747862917e+01
-3.870544505310640204e-01
6.625272288854356262e+00
1.836605192195572656e+01
2.247690568959812296e+01
1.572046668758812160e+01
2.448584851257673023e+01
1.326741942126620444e+00
5.756725514479970940e+00
8.091301094159620177e+00
8.625111538370671127e+00
1.441951465321684189e+01
2.446038295651663930e+01
1.503667852621072676e+01
2.377957974676582964e+01
1.055652991516634387e+01
9.992334187750477881e+00
1.205991047694379503e+01
1.071630660842845018e+01
9.594756361430722080e+00
9.296050768719382518e+00
9.986060300415157798e+00
9.563182480294418752e+00
1.743168761494556307e+01
1.233801059295339897e+01
5.618746657785205656e+01
1.729372158827037254e+01
1.060919322905671791e+01
9.901400650720752594e+00
1.175121475765291379e+01
1.038618541945661278e+01
9.047109171988886089e+00
8.808053590895569940e+00
9.267442961169495064e+00
9.003889688699830529e+00
8.545024357771078272e+00
8.232234326437810168e+00
8.713594020822700514e+00
8.351064637747136032e+00
9.535737168018954435e+00
9.253593359167657795e+00
9.917621892417765039e+00
9.620969014211411263e+00
8.951706101585022779e+00
8.553720543547802535e+00
9.327712652138146154e+00
8.934808420577626364e+00
5.496551242570076568e+01
5.584772836801254670e+01
2.443365282948778372e+01
5.349039357331807309e+01
1.428253060731313795e+01
1.114017464446280314e+01
1.513709347113367976e+01
1.243407590599018420e+01
3.091883302127695288e+01
5.236483076960827532e+01
3.052784867069037134e+01
5.383902035277932185e+01
1.917790028389601176e+01
1.707542993806666587e+01
5.850411847689026956e+01
5.734651435938744157e+01
1.054401400975997660e+01
1.020746893438520608e+01
1.174204416388957029e+01
1.125506109407223221e+01
9.908590932689854469e+00
9.557277187669283691e+00
1.081136622801291658e+01
1.037089629575286409e+01
1.581539074824456748e+01
1.461011820227270341e+01
5.334840394821111431e+01
4.662445710372541896e+01
1.318738855208521343e+01
1.180205419390729027e+01
3.308341381695377237e+01
1.936355980055272141e+01
5.201540105587250906e+01
3.912771259437573690e+01
1.554587573161574596e+02
-1.192654393293485526e+01
2.710418873526443662e+01
2.326352913397838051e+01
8.212413005486883577e+00
2.614474195565347969e+01
2.354205934505243363e+02
-2.960028200439845136e+02
1.076574972993021007e+01
-1.841294122620213898e+02
-4.476018365825517975e+01
2.231603825030377308e+01
1.559874654808466858e+03
1.067198168930206208e+02
1.737948091121911176e+01
1.446112491828615276e+01
2.560044396777407982e+01
2.131918117453304262e+01
1.770072812645257798e+01
2.414692215603355407e+01
2.125042405681697844e+01
2.504525900615385225e+01
3.305935490054765324e+01
2.819945172899932473e+01
4.424357260308218542e+01
3.413978180049275579e+01
2.465105122674296467e+01
2.507659664573583314e+01
2.576212362606758433e+01
2.038679061361789024e+01
5.753248672181308088e+00
-6.114996770620782840e+00
2.476725674414396394e+00
-3.093103210601397812e+00
3.377853704557843884e+01
2.344850827177911157e+00
2.056445856348145185e+01
9.308476333982111939e+00
7.016475651375033706e+00
4.832662516122047336e+00
1.204107782001466909e+01
6.198401674551715246e+01
6.163682053363529434e+01
1.427950018541315025e+01
3.320999045258216142e+01
5.339503410909070169e+01
4.367972096121429360e+01
3.144937244047215330e+01
1.216869913255451507e+01
4.080766324000257583e+01
2.933434296616351844e+01
5.437837205957754350e+01
2.941478193881566483e+01
5.397864143337615417e+01
3.505792347621196825e+01
3.909431679813174298e+01
3.069821474638418479e+01
3.458728180589766055e+01
2.983934563974310450e+01
5.270784088927095468e+01
2.793024653542553537e+01
5.043374927208617464e+01
3.635216796399100758e+01
3.824723199709431043e+01
4.369034710959234502e+01
4.349438270587249633e+01
4.711541286042580623e+01
5.374546094933069185e+01
3.469145494857084344e+01
3.167212390830232493e+01
5.433919758509564701e+01
5.432653044677275034e+01
2.818143737378560942e+01
5.298264142923345332e+01
3.850465528001194571e+01
3.822761479701060949e+01
4.295472276696306579e+01
4.578641096116727738e+01
3.609188896019858817e+01
4.115484841269373817e+01
2.972275905480393998e+00
3.409848406433844303e+01
4.841409288094870789e+01
7.866821304842211759e+00
7.485597352073197541e+00
7.895839278460063504e+00
7.398189325187576770e+00
7.151233796574977042e+00
6.872422620356982037e+00
7.000098434706032435e+00
6.679329183956349780e+00
7.989709392373915975e+00
7.288335625425295561e+00
8.286269991482662078e+00
7.215680827240870343e+00
6.826176753508875983e+00
6.443173216126576008e+00
6.744060444779170105e+00
6.232600819588947516e+00
6.636042861315983643e+00
6.374744587162465947e+00
6.415968221748152622e+00
6.095549565737060860e+00
5.969063990415468979e+00
5.347732143128391513e+00
5.546487475051681493e+00
4.696443532809626120e+00
6.134114081076063485e+00
5.696701379021944511e+00
5.813365944425908260e+00
5.122166322560802953e+00
4.861329413257545973e+00
3.611600350244835056e+00
3.609432886529452489e+00
7.282684345397863801e+00
8.979177573981278471e+00
7.458122033054467970e+00
1.012404233303414358e+01
1.352537280991543156e+01
7.141049600461048641e+00
6.253758541220714839e+00
1.881776789827037533e+01
1.238366585908336504e+01
1.855882388871800615e+01
-1.306961560563110538e+02
1.216796269194298041e+01
-5.264246438515304050e+00
1.467351917285957938e+02
-1.113777595976385157e+02
1.161837705668159915e+00
2.131469102243238822e+00
5.618200985613658105e+00
3.748061132541840479e+00
1.754037406290602519e+01
-3.677149029605511821e+00
2.348755255270005282e+00
1.771159440111029326e+01
6.183039843933850221e+01
-2.942279364422637400e+01
-1.170526600358361264e+02
2.167978647944653972e+02
3.387601255554431479e+00
8.053252592809140964e+00
3.042596335872559266e+01
-5.925715734645017392e+02
-4.310472617822491692e+00
-1.202608567578553505e+02
4.675664872549860185e+00
4.457599384352207927e+00
4.025421829166352161e+00
4.934522219883946903e+00
4.550467422837577658e+00
4.396142397348604014e+00
5.506644733055708230e+00
4.770694572364426733e+00
8.266485019131845746e+00
1.285814095978255978e+01
1.364762918832439631e+01
1.506947078289657505e+01
1.158266445907749898e+01
9.312622703703203442e+00
1.352936000771013880e+01
1.089167142736855176e+01
4.474541746246877949e+00
4.837069873957988264e+00
4.284775093081680808e+00
4.394125244152653487e+00
5.284821632301024863e+00
5.732872231074581215e+00
4.745670420223881081e+00
5.159489369667024761e+00
7.538540753016960139e+00
5.680910219357351743e+00
1.099373305233082831e+01
6.273259670992104020e+00
4.982139079871333642e+00
4.958079865630693917e+00
4.995839976707348029e+00
5.104026771265049334e+00
1.501496085311607764e+01
7.812104649086456298e+00
7.533781940691461010e+00
1.648482803620588300e+00
3.866101480302424953e+00
4.335353965920895725e+00
3.734705825767760334e+00
4.283516871882349086e+00
-3.507538263930420186e+01
-4.395913191805405518e+00
-3.535633601732130415e+01
-1.513501036146576162e+01
4.302104658265027304e+00
5.140131701248709106e+00
4.199850117464863253e+00
5.702592331243137025e+00
5.251383701719200658e+00
5.476125338195605430e+00
4.389853846334436760e+00
4.636014348913275462e+00
4.625313313078536659e+00
4.815651147719508529e+00
5.045331719037574381e+00
5.262702547522440710e+00
5.295094064435212466e+00
5.254805455072617093e+00
6.051248655706340962e+00
6.159320723637714323e+00
5.495425726635001951e+00
6.259202376497048803e+00
6.473139238438430532e+00
8.201683028826142419e+00
2.739212919639017940e+01
4.620737389536111905e+00
4.865185413454702257e+01
3.612164169965510929e+00
4.768639511856346047e+00
4.215911569688627125e+00
3.732828222247266403e+00
4.094644976367753486e+00
4.652311740906304749e+01
4.978064055121335940e+01
3.784073572343475966e-01
1.268648023837909422e+00
4.715497438127825625e+00
1.300485303662611969e+01
9.616745733940701868e+00
4.152856203895971987e+01
3.787293290755520303e+01
-3.951606273861037266e+01
5.279385885110146148e+01
-4.530940084633781453e+02
9.253049368517376472e-01
1.270679604575749355e+00
5.134757627164739802e+01
-1.715244525998629976e+00
-9.163143142295753023e+02
-3.142586462319018636e+01
-1.483182817517379988e+02
-3.811423190658925364e+01
4.531367722519319408e+00
6.286983139848435265e+00
7.140480873616466440e+00
8.750594522241648576e+00
-2.996261286694985415e+02
-4.774104574944518617e+02
2.934319964241120715e+01
3.586099370574407885e+01
6.773616601671086812e+00
7.054491120873213283e+00
9.208102784162122134e+00
9.477433296037265364e+00
7.551853751973558460e+00
9.006335612242743593e+00
1.001412288732803724e+01
1.179740868826812417e+01
3.460178491472597528e+01
3.303160209765780309e+01
3.131161991473646111e+01
3.021326865019769414e+01
8.172948738841604666e+00
8.011140926288227604e+00
7.810894337371021123e+00
7.772240681149941821e+00
7.898039793663605757e+00
8.032809391653639608e+00
7.885788393269562491e+00
8.119872941463384564e+00
7.557699848063688997e+00
7.708937951858819915e+00
7.419835257574851184e+00
7.720612504301891832e+00
7.951583489573393670e+00
8.218135313878887516e+00
8.020910366575320083e+00
8.291279976276459962e+00
8.282962449356020329e+00
8.481237804836238681e+00
8.374898644529794822e+00
8.616345529565114347e+00
8.647197273330814227e+00
8.808380866972470358e+00
8.868407495462832912e+00
9.162420335020854623e+00
8.466799318762102899e+00
8.793272854690025397e+00
8.517162044677476729e+00
9.034173977617498963e+00
9.214726927482368879e+00
9.759278171643932964e+00
9.773389117702850015e+00
1.074623455413911621e+01
7.126817544945597049e+00
7.582749351749597189e+00
6.491308476279238349e+00
6.855117157866652988e+00
6.448275922096420310e+00
6.848295191108798363e+00
7.254129180675819022e+00
7.512505647088658201e+00
7.213254824716707425e+00
7.495131510282112330e+00
7.957030213515615458e+00
8.245388940463222127e+00
7.825437011820716826e+00
8.001963295199725934e+00
7.771269584893278015e+00
7.983640962974981825e+00
8.236217444692522704e+00
8.340310948043990535e+00
8.188337612652690112e+00
8.328298292279711745e+00
6.552722930323101380e+00
6.937869114663375747e+00
6.629854168371149825e+00
6.994102845980634697e+00
7.274338751853925089e+00
7.564805351230764252e+00
7.320037793507408352e+00
7.627297120673187436e+00
6.630466806037938809e+00
6.991112356322425114e+00
6.504143766157147510e+00
6.900098353688356667e+00
7.335347970193033973e+00
7.684934499826895582e+00
7.310725487013207236e+00
7.749390219779185074e+00
7.842613718312619220e+00
8.085907975989584884e+00
7.929784057078518522e+00
8.214381220350649215e+00
8.308125213549391930e+00
8.483538782419765667e+00
8.473648338957959325e+00
8.690301177308736413e+00
8.041687615138354062e+00
8.388252310356531183e+00
8.200022955496130805e+00
8.636386604390484223e+00
8.709914393230461016e+00
9.002278025992449528e+00
9.042484672365327825e+00
9.413681421475827094e+00
8.471246041411156114e+00
9.332600335507681422e+00
8.465062717484897803e+00
8.798741538270046902e+00
8.434284546857288234e+00
8.781158392921886602e+00
9.759920755288888472e+00
1.074288426051312051e+01
1.249964418922908216e+01
1.243836831882002869e+01
1.544207842183853785e+01
8.629746338049809395e+00
9.101581904081941232e+00
8.854439611361337725e+00
9.288671947086644565e+00
1.086040880458037350e+01
9.280176676645774947e+00
9.947357096859697378e+00
9.729198308612456714e+00
1.032990620177098506e+01
1.315632699121310978e+01
1.535042615048304526e+01
2.008312273773640300e+01
1.991415714655288838e+01
2.605674479500063967e+01
8.997396608601697210e+00
9.241662039955121699e+00
9.521664586297227117e+00
9.914419464634251611e+00
9.568858190738527725e+00
9.985037811137880581e+00
1.019428922256784631e+01
1.039127204385599335e+01
1.047110207848489694e+01
1.136936640020688571e+01
1.199341367903360123e+01
1.336873053426891644e+01
1.242576349862651242e+01
1.364038060604908331e+01
1.435067591029208778e+01
1.443685063964007398e+01
1.104195770389286935e+01
8.684142243708881779e+02
1.415008521554828924e+01
4.158019077042124536e+02
1.490334268922405769e+01
1.813945802203971880e+01
1.933428782319440842e+01
2.394610616578451712e+01
2.269034799413652692e+01
2.958925446805367088e+01
2.866944496761554717e+01
3.215003204644808932e+01
2.565992135469923241e+01
3.122754695850832718e+01
3.206340856244447224e+01
3.680230552207007122e+01
3.564197855818117233e+01
3.854041185890316967e+01
3.961133198448892045e+01
3.991648807900817530e+01
3.501621751306987562e+01
1.242786989882012136e+02
3.565180565018222580e+01
3.231350311987057466e+01
6.186934179272800982e+00
6.685174242920437493e+00
5.671826170862253491e+00
6.371640928968063555e+00
7.245095822384041817e+00
7.846549353628173407e+00
7.195118339463806301e+00
8.036305400152267353e+00
5.345865597337859931e+00
6.176084663928016028e+00
5.429728990009502709e+00
6.170637382196414222e+00
7.224369116642613164e+00
8.241499307204961156e+00
7.641660058580611370e+00
8.849353841960704514e+00
8.443175606520139098e+00
9.007665733142468767e+00
8.836853719037572219e+00
9.572916077040815708e+00
9.548266815459713897e+00
1.011635065661431909e+01
1.029221895236133300e+01
1.101481364712089572e+01
9.407729381980161065e+00
1.045563213410578385e+01
9.865180651900663733e+00
1.148108434599391714e+01
1.167244770353614314e+01
1.328511343557972069e+01
1.377872528345992365e+01
1.626525663006592026e+01
5.499395244323138421e+00
6.566005185305397340e+00
6.490321308087128038e+00
8.723497966043078478e+00
7.774500361663060133e+00
1.066615772185145161e+01
1.038588049073268849e+01
1.547764373094842938e+01
8.696340392452327706e+00
1.416971701783872994e+01
1.497106430392307175e+01
1.846725505064473438e+01
1.536985254753830610e+01
1.153940304516744675e+01
1.335394083299507173e+01
1.049708814864532691e+01
1.264334256134244150e+01
1.233992480776714906e+01
2.154634922363703708e+01
1.862793716607068006e+01
1.750426671978972593e+01
2.522200094783133295e+01
1.744916967988363155e+01
3.401003308644521894e+01
2.644525569405077192e+01
2.362381396138670198e+01
8.510688446969304266e+00
8.180916265937955956e+00
1.132820935820540775e+01
1.372151000363963114e+01
8.227794103367632061e+00
8.089449531338255284e+00
1.081137436016600617e+01
1.210365828145599920e+01
1.170823177322105479e+01
1.289593447798596770e+01
1.770123189293810384e+01
1.561466739083229527e+01
1.912702987396605891e+01
1.828296549869167364e+01
2.044984983481802487e+01
2.507169172190564410e+01
2.580779758304272775e+01
3.148485247832250522e+01
3.113993649897104632e+01
3.388590568963569893e+01
2.967648456728695550e+01
3.175122908700803137e+01
3.628231737788788536e+01
3.392611319028668504e+01
3.352486642122387650e+01
1.288926655325523996e+01
1.165333082959759281e+01
8.575744071169355109e+00
9.449667579759246649e+00
9.958543384982876390e+00
3.292852204359803636e+01
2.864383848614554751e+01
1.095166118473836470e+01
1.217602639777340556e+01
1.142897607530225912e+01
2.493022219563263775e+01
9.254835273985086985e+00
1.195844472173062201e+01
7.367783877348817789e+00
5.341388932995865702e+00
1.458135097437924799e+00
2.757612406836268626e+00
2.665936430835089155e+01
-4.275045366947889391e+00
-5.638272347335885826e+01
-1.592718363510952173e+01
4.899698604792972034e+00
5.305265814681651371e+00
3.130306128131808308e+00
3.239569963483794446e+00
5.415508791006349298e+00
5.911918472615714570e+00
3.888407108780652877e+00
4.289536076075123106e+00
-1.689594762615222123e+01
-1.871618997780495874e+01
-2.107134942695827817e+01
-2.398932039644337877e+01
6.668214527035243755e+00
7.507768556528419346e+00
5.244815787390383122e+00
6.203865098549001367e+00
7.477768984769066485e+00
-2.512091930303768450e+01
6.758584893509890890e+00
-2.125817043323827704e+00
8.551046776987227815e+00
9.527537776147470439e+00
7.734644186946406208e+00
9.006512654804684104e+00
3.507439467248114084e+01
3.550104120932023477e+01
3.320406498464529221e+01
3.018834717291507985e+01
3.286452590412299202e+01
2.815175468999001396e+01
2.678584142311378002e+01
2.419537252690402340e+01
2.412893534921628458e+01
2.045401674564604377e+01
1.296330064994080722e+01
1.315997873366531401e+01
1.754106760509452911e+01
1.513057219787738639e+01
1.305097313647049795e+01
1.307613917997302266e+01
2.190617023262012708e+01
1.311568839353612859e+01
1.230867413274734190e+01
9.476762396585565185e+00
1.014881153402363623e+01
1.049858063127957664e+01
9.642423288396333447e+00
1.006629421427127014e+01
1.065503838078018006e+01
1.072659545640641099e+01
1.030830041517217310e+01
1.046643718437735515e+01
9.642223363317006246e+00
8.699511087084729866e+00
