7.360658466014731616e+00
7.239168594820397651e+00
7.265243186569120049e+00
6.972753511908074131e+00
7.010130459103318223e+00
6.823609079803276245e+00
6.249475718496814380e+00
5.280380363638872865e+00
7.212751710262391036e+00
6.961482192576104566e+00
6.911702345825659677e+00
6.996306656298441062e+00
6.842107102896305193e+00
7.203466307026372917e+00
6.981145071382642620e+00
6.877155779322430718e+00
6.799486441087291055e+00
6.860982074226889438e+00
6.652714849861711244e+00
6.970471241225657089e+00
6.841245651472540601e+00
6.614907166219146539e+00
6.833080164450824334e+00
6.634239043849608386e+00
6.438535472279466099e+00
5.836556192714861702e+00
6.096506569048669277e+00
5.742049128582211281e+00
5.932407275230088928e+00
5.934930449248967399e+00
5.941785660288142701e+00
6.038557357658197233e+00
4.638038638337526720e+00
6.040999583003794804e+00
5.273890264443408249e+00
6.558582379316197475e+00
6.216100164767353498e+00
6.363289672215466375e+00
6.818008844886660924e+00
6.979303225819595724e+00
6.001841632703406759e+00
4.894990700533308647e+00
6.276525845588425412e+00
5.076459831168047998e+00
6.582398447988289547e+00
7.278681622335951396e+00
6.886885856089763003e+00
7.767731783006437851e+00
6.326971390612406765e+00
5.756745330670303140e+00
5.144230340885088459e+00
6.033922649240897051e+00
5.583252454256485642e+00
6.389636723839861254e+00
6.185690376297181103e+00
5.943044154234029541e+00
6.251126066915315249e+00
6.147423631733554217e+00
6.498787301416525608e+00
7.357928515078511644e+00
6.027402165705381343e+00
7.401327519656612175e+00
7.765987408216497023e+00
7.688517485149384711e+00
7.568505268220021343e+00
7.365404727147819131e+00
5.927452533115232569e+00
6.183429914870219868e+00
5.973727873481344375e+00
6.170956129824961778e+00
7.200865475058027876e+00
7.470920447096304429e+00
7.001858255098828643e+00
7.436349854020873451e+00
6.107776917504061487e+00
6.207447091656302263e+00
6.162605914276902297e+00
6.242444765145892305e+00
6.848138203127967394e+00
7.378930422226868124e+00
6.717541760639099913e+00
7.346518563456959861e+00
7.480092599308837187e+00
7.343560888341039039e+00
7.355900176009602554e+00
7.145117436408441769e+00
7.166953393986958076e+00
7.129985889985805514e+00
6.970049825954551359e+00
6.984873867143295278e+00
7.254420992798268131e+00
7.009302027461435713e+00
7.196657647951072434e+00
6.943321861692703045e+00
6.840865666847174786e+00
7.017468159632247016e+00
6.793904058061896123e+00
7.189697190505089708e+00
7.488949902862414021e+00
7.768809004608459468e+00
7.943312396516263085e+00
8.361037061303102647e+00
8.063801738278565168e+00
8.209304646899175495e+00
8.745833354007213956e+00
8.985143343267111504e+00
7.695389314613950482e+00
7.857408926529767079e+00
7.363076638276892183e+00
7.498208841697900695e+00
8.133339065405849055e+00
8.324388393497430982e+00
7.700022910370544871e+00
7.808125410323170534e+00
7.147413221701984121e+00
7.172465995676862605e+00
7.050609427058712519e+00
7.041213946612797869e+00
7.208446354399397293e+00
7.281624045149627023e+00
6.974903250921772546e+00
7.013054680273085317e+00
7.123920996032569342e+00
7.046846239742701634e+00
7.286626085318116175e+00
7.162047682385535907e+00
6.827256287921465550e+00
6.814483246033105956e+00
6.771411261174193008e+00
6.777482458551272515e+00
7.387361706874026268e+00
7.431025998842859082e+00
7.115054631051476619e+00
7.135378649175588173e+00
7.430029916835059645e+00
7.435954506468779535e+00
7.047825414137087741e+00
7.008164109689055898e+00
6.968106672804512236e+00
6.987065688056673274e+00
6.981429759328963591e+00
7.023291907801645806e+00
6.773137614339956869e+00
6.705203717385756157e+00
6.654286245598817651e+00
6.649447189599565711e+00
8.510891684744194663e+00
8.569741591060433095e+00
7.843470224375806765e+00
7.836943922283521324e+00
8.651923205707063858e+00
8.665621616212897393e+00
7.833272037725972581e+00
7.876803774672292313e+00
7.435486940679918000e+00
7.445322950034210407e+00
7.040602180310317593e+00
7.083806033920582834e+00
7.437742632066728810e+00
7.433347549205310045e+00
7.091970274066157209e+00
7.082782195124195823e+00
6.807264767276587136e+00
6.902347243752939399e+00
6.793746268882438599e+00
6.899408206231457896e+00
6.903255829322270110e+00
6.884895849575176641e+00
6.840993416073405164e+00
6.822357828372733302e+00
7.419361983071611100e+00
7.405282975082497998e+00
7.066605453255735192e+00
7.041268612709217223e+00
7.421017590202502845e+00
7.440869527269661887e+00
7.025411266311839320e+00
7.042517597777883331e+00
6.875510161665683739e+00
6.841373255506080220e+00
6.826452228655588428e+00
6.798028004620651821e+00
6.798729272148269054e+00
6.838315033133250509e+00
6.725437234391467456e+00
6.866872304142544792e+00
6.374216653195093230e+00
6.337061450472327273e+00
7.067995278598566244e+00
7.080573524423855680e+00
6.341249508584300365e+00
6.319560692378381361e+00
7.084350851683805850e+00
7.125378075452685422e+00
8.362787800887639733e+00
8.342898343958003338e+00
9.105789267424690081e+00
9.106607593011984747e+00
8.383052837677031022e+00
8.286651470501299244e+00
9.115992283553980613e+00
9.128818463353553625e+00
8.730569164425062922e+00
8.687268941971579395e+00
7.942976541115332800e+00
7.951778417408304378e+00
8.634589486306703421e+00
8.577563646445558021e+00
7.876111955684643284e+00
7.841477520975575821e+00
7.493066628140802266e+00
7.507779247068276263e+00
7.075004081381372600e+00
7.090796083862603183e+00
7.531280472566987072e+00
7.525353430327165860e+00
7.112138163124368084e+00
7.137311486855674403e+00
6.856682901802004793e+00
6.835921715726151149e+00
6.883121276339408290e+00
6.818672370699000673e+00
6.822087212085916619e+00
6.923241391877738238e+00
6.700142828498968584e+00
6.932076627061374730e+00
7.474620282604034216e+00
7.429458558067205232e+00
7.107176409048238774e+00
7.047333758705202733e+00
7.418236464370021821e+00
7.450069187332083231e+00
7.034655683067557952e+00
7.112346025157845197e+00
6.926548097371584056e+00
6.847474221934597871e+00
6.963017794167426722e+00
6.867248396771572949e+00
6.790001874956880457e+00
6.920672592310227245e+00
6.698335205384477575e+00
6.900702556700055723e+00
8.635905361058480167e+00
8.667239864944155769e+00
7.879972056152538151e+00
7.920593111534549813e+00
8.800887643634181856e+00
8.831112548835413634e+00
7.990374380621870998e+00
8.060512665526863074e+00
7.498812278208958126e+00
7.499607157267758062e+00
7.177373296903004629e+00
7.170211427538578874e+00
7.506279250625097710e+00
7.510104900440069287e+00
7.148360361750556002e+00
7.160125372728753490e+00
6.999695764494066275e+00
6.965533325705554724e+00
6.970071965946654124e+00
6.908072025961193852e+00
6.919678542029515711e+00
6.989808117921418429e+00
6.824151060109606703e+00
7.010712392790959591e+00
7.530186839185662784e+00
7.519987538776121916e+00
7.151431149707574875e+00
7.093144563442442596e+00
7.545127433793409999e+00
7.574124699861287446e+00
7.059951495013148559e+00
7.132048872477512624e+00
6.975755778303990517e+00
6.849047225874778988e+00
7.009177944851538555e+00
6.846872030492990646e+00
6.719356963436672991e+00
6.904618003920920621e+00
6.574995401097604386e+00
6.951302015433830306e+00
8.268197522174601133e+00
8.159601743836843113e+00
9.086549461218902835e+00
8.991013229546414465e+00
8.185223401329517756e+00
8.187100458300752948e+00
8.972564253941198942e+00
9.020775821567440289e+00
8.845624148514325213e+00
8.789170574018429605e+00
8.068765448883478797e+00
8.041426881910020086e+00
8.733260447670474491e+00
8.702522224914506666e+00
7.999849067971128491e+00
8.011626843386361330e+00
7.585539204962942428e+00
7.563422840124094826e+00
7.172632642431154615e+00
7.125078240764225690e+00
7.537289798175496713e+00
7.549979443941424506e+00
7.063698843231909663e+00
7.112963885879246106e+00
6.991772877570932465e+00
6.901065370845415714e+00
7.065020189267487538e+00
6.941935074036515552e+00
6.728156401704211476e+00
6.871799202108693549e+00
6.586510178282769523e+00
6.885134058462353046e+00
7.540645430221976753e+00
7.531713221957443416e+00
7.152451950382170409e+00
7.130154268520663585e+00
7.539985297275214826e+00
7.577938762838737574e+00
7.100312210231645160e+00
7.160712461725659672e+00
6.976391269795715999e+00
6.932526806951094578e+00
7.027118551134517332e+00
6.967841748243152722e+00
6.791660641145645272e+00
6.890350454215539600e+00
6.655676704918811026e+00
6.842737966016663620e+00
8.727604001093189012e+00
8.699697486738992680e+00
8.030249584447370026e+00
8.004043071811111076e+00
8.723219603613376449e+00
8.717288890876737639e+00
7.940433954340194944e+00
7.941659423268442097e+00
7.612354942440484606e+00
7.604253575555175004e+00
7.222203978117918588e+00
7.212275944682996709e+00
7.578883345393914617e+00
7.542642341362933323e+00
7.166056305948721672e+00
7.126658564644870353e+00
6.990524245550923332e+00
6.965693675675851182e+00
6.950750952541935312e+00
6.908136430610938739e+00
6.873349664489880162e+00
6.905515077959859305e+00
6.741312281480165147e+00
6.930516154107185578e+00
7.482434851282364185e+00
7.457253727180337854e+00
7.083561756523031328e+00
7.059669787244224004e+00
7.484452682981551419e+00
7.500240145472745645e+00
7.089289464010215092e+00
7.141899180447540907e+00
6.902264521309221301e+00
6.867604664181834018e+00
6.943785722757715106e+00
6.880565672544158851e+00
6.851834526038734552e+00
6.956744516332607375e+00
6.777752910855074475e+00
6.926979064379881201e+00
6.974695093058843831e+00
7.022094153500664682e+00
6.688333278241489488e+00
6.736058510275995559e+00
7.270815115576032106e+00
7.479916813823358268e+00
7.208238345267368175e+00
7.454851591817991618e+00
5.627727829056250464e+00
5.841043847687592994e+00
6.089953586905245686e+00
5.564260193134258792e+00
6.384914474145410246e+00
6.834049484516831363e+00
5.405103456746263468e+00
6.629038481314435849e+00
6.660665839073422134e+00
6.377527196803307596e+00
7.291216632150961274e+00
5.828174774272132375e+00
5.040449917512329847e+00
4.877385171080024229e+00
5.580480885043150874e-01
6.516914304206685493e+00
6.576058651793453613e+00
6.946546292880380946e+00
6.650654278309675149e+00
6.646448039215917980e+00
6.897961683018247747e+00
6.844852226749479129e+00
8.321626016167797957e+00
8.168054584292480769e+00
9.131299833281842027e+00
8.868627907598398252e+00
7.018418424802455036e+00
6.174464951899865994e+00
8.063627004876698479e+00
7.428208498167216511e+00
8.118654150656910318e+00
7.403884694611351236e+00
6.705408172861200278e+00
6.342734571092126572e+00
6.821294091911840773e+00
6.554018866158522805e+00
8.769577164999466490e+00
8.682250760586434524e+00
7.831090090261745296e+00
7.606250158045111398e+00
8.574013917940904506e+00
8.380010744798187972e+00
7.886856271113317440e+00
8.013641461067662064e+00
7.494540563614685347e+00
7.645145245614780372e+00
8.023255068109705235e+00
7.957840865096168059e+00
7.740232022715911597e+00
7.647634488523692653e+00
7.433749808775968582e+00
7.318191917214798892e+00
7.112941952961382874e+00
7.024132212389250896e+00
7.123957956152118243e+00
6.904822573980076150e+00
6.849058375553699562e+00
6.539557504452743864e+00
6.980993497323947139e+00
6.971502468260958096e+00
6.965416940377376243e+00
6.978083812311580481e+00
6.906538254863345827e+00
6.663968724862042947e+00
6.853539118359492477e+00
7.190707598980680793e+00
6.364931393338042476e+00
6.667854061957810607e+00
7.506066815599989006e+00
7.382770570795886833e+00
7.438339610334333329e+00
7.851436527666368903e+00
7.494859561315372787e+00
7.259053293860031175e+00
7.468469010527224228e+00
7.180136994753941515e+00
7.708329842328487835e+00
7.572026501653648545e+00
7.490733065013136738e+00
7.387067639963918353e+00
7.346042109760078098e+00
7.118396270613289722e+00
7.267970248184945525e+00
7.179548528395124585e+00
6.942601869247246427e+00
6.791671232791535395e+00
6.939094646079794870e+00
6.787443590925695602e+00
6.706932533474518010e+00
6.698475805057491961e+00
6.810590449335276020e+00
6.759694401954827292e+00
6.913288810455937572e+00
6.786559971307280392e+00
6.852080268382834127e+00
7.297314021670244344e+00
7.340133913271648325e+00
6.337996957605913195e+00
6.840998039362776950e+00
7.029724765310485957e+00
7.070093495403686923e+00
7.172956871739173401e+00
6.504890934646322620e+00
6.973532617795924260e+00
6.786462707166124986e+00
7.020351266447478089e+00
7.156725293533548360e+00
7.124423087937451271e+00
7.232992525278961971e+00
7.298256034866378528e+00
7.222412379714793218e+00
7.283347812882825956e+00
7.279898808831011259e+00
7.267381860274568339e+00
7.233538172658962928e+00
7.194741717997321651e+00
7.148380337953650354e+00
7.164374470706893483e+00
7.103673770255040765e+00
7.035984631833627212e+00
6.967504338342281223e+00
7.160859919574445343e+00
7.075139235945733240e+00
6.755864540821474584e+00
6.566281103786118400e+00
6.807943459541222708e+00
6.362658916881515303e+00
7.207152052179638169e+00
7.193871279941564723e+00
7.172340987343998719e+00
7.180647514382297203e+00
7.151587527651527054e+00
7.099228766261798107e+00
7.168811244112278658e+00
7.118865842464786375e+00
7.108359909340267180e+00
7.125342368685087635e+00
7.073433017431674408e+00
7.100832114991783683e+00
7.161867503909674859e+00
7.138036352007222973e+00
6.969943952397532172e+00
6.799388394477431596e+00
6.997170089225430267e+00
6.795716705335506980e+00
6.444634027562108791e+00
6.217503931086142188e+00
6.419529620848701157e+00
6.060906904410207297e+00
6.994926816040589301e+00
6.806849912128566160e+00
6.485666056060421347e+00
5.891204932209974210e+00
6.806681425722048040e+00
6.968665719131877268e+00
6.800987236098235300e+00
6.906643866269612353e+00
7.193975108724073309e+00
7.249696066248319859e+00
7.029620642268283426e+00
7.220841667213092840e+00
7.091709421616722686e+00
5.514305619289919136e+00
5.247840574557175231e+00
6.834120574537681847e+00
7.030454533335690037e+00
7.119546116750186115e+00
7.539562383324343919e+00
7.025331211330970049e+00
6.414611988177949975e+00
7.762770953959962306e+00
7.544027466562425843e+00
5.888137657182178408e+00
6.541369821993217037e+00
5.118290794718428849e+00
5.247760614889077857e+00
6.392877426638857052e+00
4.942054859425188518e+00
6.424803545631801782e+00
6.657622497647003534e+00
6.189809786858212703e+00
6.654220800067459862e+00
6.696152447523303408e+00
7.150691287550490216e+00
6.557138713603191782e+00
7.155751066957436457e+00
7.489461973217832025e+00
7.681911134602589009e+00
7.286319057057712101e+00
7.398228685182034248e+00
7.216166457738501627e+00
7.202432292681363535e+00
7.490777820706586709e+00
7.534354233249644039e+00
7.218504977212303331e+00
7.261996636332037625e+00
6.357927247459723041e+00
6.728330675845454856e+00
6.260521674073767251e+00
6.886007516584910171e+00
7.097409714856138585e+00
7.231048230641473396e+00
7.132594122889208244e+00
7.277886196054675239e+00
6.154112456842817380e+00
6.745718017870589556e+00
7.129500142736570290e+00
6.897849194085293512e+00
7.011584578323554418e+00
6.553195387524181292e+00
6.789946435505278544e+00
6.868783112102865296e+00
6.218457230592136398e+00
6.312589099818894489e+00
7.761126929546443343e+00
7.687897707665846347e+00
7.571118988457492094e+00
7.570036423049005592e+00
7.337362950917578175e+00
7.396415837313083941e+00
7.543657428802688969e+00
7.490589141157709463e+00
7.384981415758381296e+00
7.324020218780261438e+00
7.554232431090359690e+00
7.416469551902040713e+00
7.447535707043016373e+00
7.428446442155705043e+00
7.297361493160411605e+00
7.315119408842365445e+00
7.393469436628505420e+00
7.330793617097593362e+00
7.323250433935235115e+00
7.249968625673970379e+00
7.125145728787952493e+00
7.303007192003136083e+00
6.990704426280431427e+00
7.350148751257210122e+00
7.291738666907038535e+00
7.180040602899316227e+00
7.322688304731965303e+00
7.111150554273669933e+00
7.164304415236982138e+00
7.237355833244676795e+00
7.069116172453604463e+00
7.219660164384932521e+00
7.292683054247597774e+00
7.223671879134063722e+00
7.327441269583450101e+00
7.296372855389459566e+00
6.957286494153619216e+00
6.324512721890041433e+00
7.117278815281888882e+00
6.980322196183363914e+00
7.085139268880223717e+00
6.965794728923200729e+00
6.630123356535889911e+00
6.168516665354348838e+00
6.736055142384143934e+00
6.170873510253572114e+00
5.050376637212377062e+00
5.047574320484610411e+00
5.297747797290529803e+00
5.002384721260092704e+00
5.308397029323535854e+00
5.000261466103324004e+00
5.092698392342071223e+00
5.368265733144521157e+00
5.139883636776962916e+00
5.468029427141097187e+00
7.013371670605781816e+00
6.924251241454717487e+00
6.939800174771946217e+00
6.854419296721999899e+00
6.779518557139819990e+00
6.223318903454472029e+00
6.789690045346015168e+00
6.263486896861691022e+00
5.287562947291234217e+00
5.035845953215813964e+00
5.277418496015109817e+00
5.049598193495677734e+00
5.231105445328325665e+00
5.607493059790412460e+00
5.308915467856337500e+00
5.678976805539559081e+00
5.824336443140195385e+00
6.333399181785530629e+00
5.754435646928534709e+00
6.304218253700414110e+00
6.684872098981123223e+00
5.943855206317586237e+00
6.186258464526159351e+00
7.180436405204495109e+00
7.221203707071698119e+00
7.083955491161248119e+00
7.202860095266578000e+00
7.370537111165668342e+00
6.897422123655417181e+00
6.985344601210321080e+00
6.787137995152305869e+00
6.977414054957447931e+00
7.128044142661222438e+00
6.789087110914811873e+00
6.990186915813394464e+00
7.424091903836650630e+00
