7.191741189541943413e+00
7.200266262250005767e+00
6.370115570925596771e+00
6.718307326109351330e+00
6.763250889658753096e+00
6.491577305385296093e+00
6.515842217066881936e+00
6.693128304668944040e+00
5.281848965300470766e+00
6.261171650791825805e+00
4.972328344633446306e+00
6.296442766206252983e+00
5.669553623610085857e+00
5.424441072821955423e+00
5.059349543293378382e+00
7.117048395509883107e+00
6.576898895151455982e+00
6.145062033788827094e+00
7.479923715126368222e+00
4.628473729336821663e+00
1.055447572708199111e+00
2.514442000247877118e+00
2.133905781438807825e+00
-1.720607040678062916e+00
7.302613033916703245e+00
7.611036931251895510e+00
7.352913630525105049e+00
7.734553423939510175e+00
7.752871564955149175e+00
7.748693369053738067e+00
7.837222835815149224e+00
7.930575365148923694e+00
7.999480227930334308e+00
8.079380088182835706e+00
8.087466108468905901e+00
7.401127995091726142e+00
8.187736893295349816e+00
8.066218765270473767e+00
7.451786910041121814e+00
7.546503142957182497e+00
4.903564403095255209e+00
4.035568535174436811e+00
4.042269046565346358e+00
-2.825679386114235747e+00
8.393608953762599967e+00
7.757662588953813554e+00
6.776275235850234502e+00
7.142753930566249743e+00
-3.299807307813714452e+00
-4.642222344823917268e+00
-4.634337166958671261e+00
-4.645611651035586931e+00
-4.642515456364920468e+00
-3.324805092551161412e+00
-4.648554733982420473e+00
-4.642707868985626263e+00
-4.649116160277971588e+00
-4.642956518068432459e+00
4.487295384286377420e+00
5.614084755993771658e+00
-4.629309974357418866e+00
5.718367904790803813e+00
6.965557515136851841e+00
7.171488016533124288e+00
6.747557035360806310e+00
6.951431234313454333e+00
-6.041235558546730999e+00
-6.036152201639565007e+00
-6.044641613131553903e+00
-6.040082485048749561e+00
4.662045634124116766e+00
5.872707393901262840e+00
6.930163006246201629e-01
6.319555515550523417e+00
-7.019032222267361121e+00
8.617943397378061698e-01
-6.991252369372702447e-03
4.348824778836148042e+00
1.983974499746002262e+00
6.611508076090879094e+00
4.611531655215876491e+00
6.867577681722127458e+00
6.445370692928082512e+00
6.505267952233418249e+00
6.560296211833607671e+00
6.583868076227445520e+00
6.639872455165107823e+00
6.684340995736734570e+00
6.526409314585416510e+00
6.652082758987349465e+00
6.681705556984606886e+00
6.677479301257791988e+00
6.767891790789440698e+00
6.775913203498672210e+00
6.509491146755272517e+00
6.798221137362983058e+00
6.580573442182598320e+00
7.028715360414969027e+00
7.995903896734258609e+00
7.842612711689520566e+00
7.334399502458544440e+00
7.416636680933706316e+00
8.058762388840303714e+00
7.993590086478711498e+00
7.475378050003395280e+00
7.561391287946031881e+00
7.626963347236275226e+00
7.661234525404658768e+00
7.121591121369492683e+00
7.267987223229322780e+00
7.866850253632367895e+00
7.765028951941437718e+00
7.326329611344656989e+00
7.317629505234488185e+00
6.869596983287941327e+00
6.864291863316764442e+00
6.732449168650240345e+00
6.714987210508884807e+00
7.115925008707988830e+00
7.275991139572205668e+00
6.770262004745124962e+00
7.038822749006640400e+00
6.785222669240123849e+00
6.721241517811419541e+00
6.971007049666823718e+00
6.868626164041808480e+00
6.630727316638253654e+00
6.929600153938538121e+00
6.633303356747455304e+00
6.977849461403654807e+00
7.418772979670299250e+00
7.373416024874301478e+00
7.143684262782833194e+00
7.090566750864754297e+00
7.263163098357217073e+00
7.221981138655404031e+00
6.952331500520608998e+00
6.877935870816478392e+00
7.035518162099060113e+00
6.979286839693105371e+00
7.042623786715365597e+00
6.983890927386427805e+00
6.780511462643581844e+00
6.751373610361009803e+00
6.741520121973075597e+00
6.833697456240812151e+00
7.815767483613566213e+00
7.755809244854424023e+00
7.272476416811208821e+00
7.294295415822102946e+00
7.902679450842004627e+00
7.944426681075909435e+00
7.340003744350648951e+00
7.412621741570869283e+00
7.146707299580651096e+00
7.127407840876430534e+00
6.890570954652065261e+00
6.886534722584859658e+00
7.183885512667630202e+00
7.240770750855237026e+00
6.903709011923194971e+00
7.002946937324383114e+00
6.812653772885139958e+00
6.816735952998595138e+00
6.867207150987563402e+00
6.873277238119479549e+00
6.784596109527173624e+00
6.906333720510349217e+00
6.769572205810922227e+00
6.934641215273929404e+00
7.354872697748059629e+00
7.353093832849981304e+00
7.069167045584319631e+00
7.076263297623569315e+00
7.480069583929106258e+00
7.580712851213990078e+00
7.123681494536604042e+00
7.222706099368256361e+00
6.959212010759471490e+00
6.942318513914346845e+00
6.962805840950741398e+00
6.927346316762282186e+00
6.924746366501161710e+00
7.022630555407606501e+00
6.851862574118673166e+00
6.956978706862249950e+00
8.255470146269081155e+00
8.222222587830863461e+00
7.688228414161686786e+00
7.759557755038471782e+00
8.347682143138188238e+00
8.562630253421204429e+00
7.761118525157147729e+00
7.892262254041948921e+00
8.381972347868842377e+00
8.323714492371555806e+00
7.621555170927344136e+00
7.616022473401157455e+00
8.670110298441578323e+00
8.507244763867074511e+00
7.503470760681901552e+00
7.390688757220532423e+00
8.121944490188255372e+00
8.129764526707122130e+00
7.427563315961821289e+00
7.400881613964182648e+00
8.127641513360712722e+00
8.104428229499944791e+00
7.321725873439794974e+00
7.275982899962794015e+00
7.646844684253010449e+00
7.656550374571904349e+00
7.274994185194815444e+00
7.260567546645776638e+00
7.516349162827514974e+00
7.498781665202184143e+00
7.136464356473665838e+00
7.015871542670725880e+00
7.097767255690742516e+00
7.093607030358850984e+00
7.039481905834917619e+00
7.025700299503959911e+00
6.931191695561953914e+00
6.824158355834942569e+00
6.859152193147230570e+00
6.820128879053810600e+00
7.346295838298757097e+00
7.379011020445740421e+00
7.007827551090938023e+00
7.037525487889078057e+00
7.307003776027799269e+00
7.321702226436947569e+00
7.005657370107843285e+00
6.963412969842915246e+00
6.884448095365566012e+00
6.941318895430127256e+00
6.884010968326935043e+00
6.942460014971276294e+00
6.888016067204624449e+00
6.836734647015704880e+00
6.864088055741651040e+00
6.843419466406604812e+00
8.046618630734787558e+00
8.056744431115156146e+00
7.250797035550802683e+00
7.274909472433893853e+00
8.023818358322232669e+00
7.923236766368241035e+00
7.270440600941158849e+00
7.226895274118917634e+00
7.300555963282364225e+00
7.356897927986879360e+00
6.971548651376544115e+00
7.022827825384589495e+00
7.453196945672061702e+00
7.550186816492039377e+00
7.100900849368000145e+00
7.163363357760605510e+00
6.857985294730285730e+00
6.902272557174526035e+00
6.856168466971703346e+00
6.896193066728844911e+00
6.948612764803368869e+00
6.992483161328405750e+00
6.901429900665339900e+00
6.925229508810333279e+00
7.610695892025915121e+00
7.643958785752941409e+00
7.211650574552575854e+00
7.235309292810465642e+00
7.587309803674566311e+00
7.501275585538328627e+00
7.165180538850317582e+00
7.016371468775919773e+00
7.045756429389485653e+00
7.082556345298606892e+00
6.972304329338807172e+00
6.994623920910202131e+00
6.991708978214099979e+00
6.837343196537191581e+00
6.932573065751426178e+00
6.815436530904094958e+00
8.580068436778217844e+00
8.161016510662355117e+00
7.193099079076193725e+00
6.983444224795884558e+00
7.680415509613746750e+00
7.039422870789366904e+00
6.794309252120112497e+00
6.640860286098973830e+00
7.696785338062080761e+00
7.397071638049213860e+00
7.133286604129500219e+00
7.041545234572609502e+00
7.087008994895335867e+00
6.881368704660701496e+00
6.977245518456320461e+00
6.927444819570783174e+00
7.322443497918262878e+00
7.254466677928038898e+00
6.954791237372039525e+00
6.959427739570640092e+00
7.168072913867347573e+00
7.109786937549616326e+00
6.967234317239286767e+00
6.925219991807509246e+00
6.819063877753244185e+00
6.869777185706042566e+00
6.807580414756986720e+00
6.877650144827684109e+00
6.907119937789773623e+00
6.854579528446119063e+00
6.902574208767743080e+00
6.863161700684066169e+00
7.061024504613301112e+00
7.031325474516692431e+00
6.901233396805193543e+00
6.924647099634317016e+00
7.036221511361580028e+00
6.999790076130077310e+00
6.988861313160975364e+00
7.010279332755167125e+00
6.818357778027763771e+00
6.842467955988104755e+00
6.813102085980796474e+00
6.844504397958615094e+00
6.940760325608078318e+00
6.972956384975839583e+00
6.920118669372731901e+00
6.936830287558733765e+00
6.680912442880050151e+00
6.521630602660357212e+00
6.864391858720107820e+00
6.754116464749251314e+00
6.356559412749366977e+00
6.194348040890183427e+00
6.657409849620246511e+00
6.568005132485913222e+00
6.928137757307460731e+00
6.823796947251067557e+00
6.979560212581458423e+00
6.912850275520683319e+00
6.621357141077850450e+00
6.460106498046488177e+00
6.768588328936771426e+00
6.587762163981646601e+00
6.952369586657557221e+00
6.930230819531129960e+00
6.924415053953024923e+00
6.926927437384097885e+00
6.815443457758354029e+00
6.660987822360306509e+00
6.845648073585017812e+00
6.803571912376828124e+00
6.331507966728503689e+00
6.306935524452620179e+00
6.534212635522337997e+00
6.560770236074995765e+00
6.321669930354664402e+00
6.275630873281325961e+00
6.608584801847844581e+00
6.633493584340246940e+00
6.631829215832109270e+00
6.716355198858677156e+00
6.748146257073121212e+00
6.837386414072368801e+00
6.777808972933196507e+00
6.820678797570040253e+00
6.877029119707366966e+00
6.873112630480655127e+00
6.488077955176216882e+00
8.741076975828438123e+00
6.529113382126388032e+00
7.482204388017475338e+00
6.379913839473626780e+00
6.788148439030288195e+00
1.024110291668690920e+01
6.833503057834620975e+00
7.465849168988087925e+00
6.441910922634603409e+00
7.996061485204596586e+00
7.571015582089324347e+00
4.960542074095813270e+00
4.071835211710002511e+00
5.198465418290917128e+00
4.702120553847487727e+00
9.235785515279799185e+00
1.033986244826431111e+01
8.479777431808090071e+00
1.250019489276579776e+01
1.055615589751040950e+01
8.241424637148282883e+00
1.700711270841042122e+01
1.437651076145935392e+01
1.828963389750794022e+01
1.726110398295174875e+01
1.070979893906180536e+01
9.442023657613656695e+00
1.037014882051568065e+01
9.687668275702858267e+00
6.980468455857504750e+00
6.487290008911161365e+00
6.504393770700384714e+00
6.475915401767680990e+00
7.351163279789163063e+00
7.290979715607528000e+00
6.268490683422323961e+00
6.212418091879128745e+00
6.064230118278235437e+00
5.924111556248639054e+00
6.815153267099699264e+00
6.709302438561728366e+00
5.967109467725269845e+00
6.091933253213979604e+00
6.094008278160115921e+00
5.990377532176196063e+00
6.492263910607099398e+00
6.361928859390575397e+00
5.890173971831525357e+00
5.925851505669500696e+00
5.496938327227567811e+00
5.376119080316213328e+00
5.859974086083044931e+00
5.526669348715704366e+00
5.530792652613474303e+00
5.536359358286286891e+00
5.447312626361801691e+00
5.500449599959198466e+00
6.337233049605208279e+00
6.317962103992139866e+00
6.635056666264852687e+00
6.701247803026571859e+00
6.141255238039287079e+00
6.189381195888149279e+00
6.396968551249315738e+00
6.530941683674482690e+00
6.812847174381124304e+00
6.896302607959587050e+00
6.862622042223713414e+00
6.925211947391518130e+00
6.515519394657393271e+00
6.342114198796578783e+00
6.105121964739891105e+00
5.864810332852937513e+00
6.474018755081419663e+00
6.331730071486309619e+00
5.828270860315194035e+00
5.838605907269975859e+00
5.689437462940346357e+00
6.125438770605366123e+00
6.036069297114676324e+00
5.922481628578820434e+00
6.150852396875269967e+00
5.754488228216364298e+00
5.587172079448101236e+00
5.487207367781828715e+00
5.564612117395665969e+00
5.562294397667215229e+00
5.731034922693464928e+00
6.035295708310282059e+00
5.756532723801560891e+00
5.958830368642951569e+00
5.796153867104600010e+00
5.681095561621580359e+00
5.865463499857528795e+00
5.791341343562149468e+00
5.590411770885090448e+00
5.683645596201785111e+00
5.526859286190535236e+00
5.662756374069629395e+00
6.240784813718899038e+00
6.404032036640955994e+00
6.472791387999572876e+00
5.969476376644842652e+00
5.902322146507660960e+00
1.349830332856436854e+01
1.579583005246680649e+01
1.885858830214940696e+01
1.563740393733520051e+01
1.846907720153872745e+01
7.456903358116491631e+00
8.809423722076333618e+00
6.440289895406798415e+00
7.699615533823904734e+00
8.297848157283615578e+00
6.593153152560993213e+00
6.784308830701260895e+00
1.515758373739816633e+01
1.407414462107629838e+01
1.346222112688699291e+01
1.453801935381930122e+01
1.163343547038460812e+01
1.451952314043120040e+01
1.256155835003122156e+01
1.226593429084166331e+01
1.225507838523727067e+01
1.221156439686581052e+01
1.179275527559841308e+01
9.954082230410108423e+00
1.753097868967181938e+01
1.565399781320535411e+01
9.285992685466609942e+00
9.083063939469715464e+00
1.338782424624990064e+01
1.224815643989216518e+01
1.496838457926304855e+01
1.548794277270921782e+01
1.371609065784347337e+01
1.359665252159209636e+01
1.585114395659635278e+01
1.572442294541150787e+01
1.342418654371186726e+01
1.375395411148408087e+01
1.189117332596586962e+01
1.183511530802080181e+01
1.190854343497539780e+01
8.997484850634359432e+00
1.200763860776519820e+01
1.259742209920955425e+01
1.564133879249559023e+01
1.543333131293078964e+01
1.356165509655605206e+01
1.331192945822631124e+01
1.488524616436214565e+01
1.413006882214202520e+01
1.350605931540503235e+01
1.370238982536629280e+01
1.232278646597424121e+01
1.189375296660033499e+01
1.168006380162843527e+01
1.176450272638060390e+01
5.685367364523195910e+00
6.170794024108682940e+00
5.587523645166385222e+00
6.017643419862115373e+00
6.522296625521756042e+00
6.193030425099781411e+00
7.230213896682646357e+00
8.366329087574262857e+00
1.366451503158550373e+01
5.091047013537478350e+00
4.119933689664330601e+00
5.986471690835852399e+00
4.567260259896151808e+00
7.170276256342257071e+00
5.697100430328367437e+00
3.183435656843119688e+00
1.819633989248646166e+00
5.462714923614023554e+00
5.808366879242948144e+00
1.117932415067586227e+00
-7.471376842080941216e+00
1.184361404680078778e-01
-4.384043233178486432e+00
3.263913703692301382e+00
-2.452618427087021047e-01
3.120480341031972582e+00
5.667996719101979330e+00
4.527959422333734274e+00
6.303282655819984370e+00
7.780583050657591926e+00
1.984065761614456136e+00
1.038923828918207448e+01
5.529488877801123969e+00
4.503804943391075177e+00
1.743926637166147042e+00
-2.165678732720173194e+00
-4.961544942872377462e+00
-8.540938707486200876e-01
-3.256540141027361557e+00
-5.136019942569602037e+00
-9.045995185831458230e+00
-1.326644809232334188e+00
8.594698379354288598e-01
1.297694211970976497e+01
1.032811823759586467e+01
1.355575740298503007e+01
1.048151516800444050e+01
7.748925600012151804e+00
7.239723543360216951e+00
9.210673377040297538e+00
8.548329330485170630e+00
1.356464762497672183e+01
1.242973026206193943e+01
6.968070270340430028e+00
6.615136191652566389e+00
7.896084993365112936e+00
7.423018546717844224e+00
6.104192853497206528e+00
5.676627272838995708e+00
7.303262253596838782e+00
6.645169054661890229e+00
3.263017826885994843e+00
2.974394181473718479e+00
-7.878354392518184035e+00
-1.264895581248358525e+01
1.894610360234352475e+00
2.132593442050867871e+00
-5.672992584354561885e+00
-9.205998928223877442e+00
1.828125946291359938e+00
5.462081871246229348e-01
7.357460235111006774e+00
7.092192515780782358e+00
-9.258354950370154768e+00
-8.569948406972546451e+00
-3.858855077746919271e+00
-8.296019643444627611e-01
5.899870061470261717e+00
7.694241378972244583e+00
-2.599626478750523439e+00
-1.704043313866357545e+00
5.603949677001862639e+00
5.461114314501972267e+00
6.240214646989795000e+00
5.812392762081887376e+00
5.301481274929987997e+00
5.209278322630101599e+00
5.593085312672405607e+00
6.857979984939769125e+00
4.855843212754109572e+00
3.688975897385046387e+00
7.653784878109134659e+00
7.421007209715713593e+00
2.559037172471513077e+00
3.151754698932534460e+00
6.690741766605333929e+00
6.442154571618156744e+00
6.632016294157284442e+00
6.664794988841149070e+00
4.639638926883764558e-01
5.648056182015928073e-01
-1.010693057660506433e+00
-6.655301596898799410e-01
1.131636109143188573e+00
1.289210428002398379e+00
-2.337076086759193316e-01
2.104869681237909074e+00
6.153184130105492144e+00
5.050565069488483161e+00
4.425716255218842932e+00
5.388332463063086664e+00
2.675372291407095648e+00
4.552740244864943442e+00
7.887427563670129871e+00
5.942749343026701325e+00
5.528492389842365462e+00
-3.395389463643662786e+00
3.309875224871639432e+00
2.845183822034085264e+00
5.866515577314362240e+00
5.685300208666818733e+00
1.633575053393411913e+00
3.043388078182273748e+00
4.903173191214555082e+00
2.889413064956711352e+00
4.032229261436577339e+00
5.614827180213790569e+00
5.280784529562142282e+00
5.639821749812717222e+00
4.250043170169776729e+00
-8.109370695912448967e-01
4.585925725248998219e+00
2.834763963434230760e+00
4.308935876794890873e+00
5.014315907446398768e+00
-4.284018996515596811e+00
-4.595866244040891502e-02
5.472011636536306511e+00
9.864875387732396916e-01
-4.195751944483063767e+00
5.052620331369235274e+00
5.511466744957013830e+00
4.689098116418482398e+00
1.517219743441046376e+00
1.011611589482620310e+00
9.919603106855367614e+00
2.215711520320530425e+00
5.370965270666207658e+00
7.039170118746183924e+00
6.547169778322419198e+00
7.178230303715604776e+00
6.802458562753237459e+00
4.690785759734735549e+00
