8.530128005256953472e+00
8.343570481415925499e+00
8.093500363276163512e+00
7.158670875926341104e+00
8.197350839786022192e+00
7.912544979399237732e+00
6.394097092975742136e+00
5.650504857058766817e+00
8.269141218479964195e+00
7.355959862639986468e+00
8.164332149605254330e+00
7.241148228570303935e+00
7.085435551412960997e+00
6.973858445591261557e+00
7.127151503912879882e+00
7.072742907819839608e+00
7.136578448412603137e+00
7.071246910069116431e+00
7.037200542111048840e+00
7.076180346301067736e+00
7.021792476014939943e+00
6.940690617882495417e+00
6.837136788114951180e+00
6.963959265437295265e+00
6.914807566350882340e+00
6.960358751126210386e+00
6.887183999261641709e+00
6.792252691327911762e+00
6.701536153471850277e+00
6.779379565269133323e+00
6.623822632564854374e+00
8.098733000234931367e+00
7.204482775971758457e+00
8.069110337323373017e+00
7.207838764446095503e+00
7.123990856359825763e+00
7.063717803431333486e+00
7.017520975975441111e+00
6.993908254237958921e+00
7.020030588395391291e+00
6.989370183278757587e+00
7.058348875821774726e+00
7.016318610037067138e+00
6.985477559944555104e+00
7.014313879865637702e+00
6.982319388588324571e+00
7.109552117789274206e+00
7.051713715207681865e+00
7.010632334644189889e+00
6.978851006544173785e+00
7.007562822540071679e+00
6.975491139218907399e+00
7.043467979611865992e+00
7.004099970733307146e+00
6.972207512786114947e+00
7.000560169075098038e+00
6.968853167191724651e+00
6.956237028816367740e+00
6.929127168076870014e+00
6.956225753909108356e+00
6.921928743418163776e+00
6.881044105634751773e+00
6.845860222364898995e+00
6.879898627352848628e+00
6.833831601312279957e+00
6.953000435625030562e+00
6.917156034260766972e+00
6.949492380430322136e+00
6.913011422841203846e+00
6.875462696323775269e+00
6.826786498648353962e+00
6.870874388457290927e+00
6.821101482137521543e+00
6.775581540947247738e+00
6.725539191266318717e+00
6.773826076987205624e+00
6.705354022348124055e+00
6.616647906311866834e+00
6.531249345494380520e+00
6.609542714163503696e+00
6.487373207751560678e+00
6.767198250722404218e+00
6.693598640938286159e+00
6.760537029905048456e+00
6.684580221283113133e+00
6.596095612128610952e+00
6.460656618805916018e+00
6.583867239860098586e+00
6.440181967843021660e+00
6.945910668793184861e+00
6.909107797754905356e+00
6.942420322269493127e+00
6.905405783937110797e+00
6.866533576077425316e+00
6.815988428664108589e+00
6.862429866113747501e+00
6.810956681287822612e+00
6.939034864189434160e+00
6.901881129795673253e+00
6.935699921688883052e+00
6.898461991508815672e+00
6.858369914754633534e+00
6.804553655685288582e+00
6.853990421413197254e+00
6.789400518455880551e+00
6.754385777117691170e+00
6.677047354720270000e+00
6.747932429220673711e+00
6.669853736682345158e+00
6.573975691652921505e+00
6.424401846616048850e+00
6.565749208667362780e+00
6.412734189008737040e+00
6.735280154147626597e+00
6.656613563824126167e+00
6.740173536687343869e+00
6.707085136140323200e+00
6.742224126462222245e+00
6.701338321432601219e+00
6.659793742174518805e+00
6.625561969735422885e+00
6.660508682654829649e+00
6.619348066446640644e+00
6.553699502056781867e+00
6.401320340643703588e+00
6.565189008356221656e+00
6.518280688479848095e+00
6.568998012648888718e+00
6.512921010077594275e+00
6.428779155392797762e+00
6.355740569003698326e+00
6.439007109889540281e+00
6.351611552732756572e+00
7.107321013549563027e+00
7.042010326782501828e+00
6.999796366799558633e+00
6.966195661399368078e+00
6.995333799668525643e+00
6.962510409751107687e+00
7.032498728645361297e+00
6.992089045212912524e+00
6.959366148764195792e+00
6.988243680324526252e+00
6.956165633581307794e+00
7.100745356189103852e+00
7.030259133374252123e+00
6.987582417262352408e+00
6.954187213479252172e+00
6.984468048268717588e+00
6.951917091909940005e+00
7.028498166769355571e+00
6.983917411942541342e+00
6.951096998308575969e+00
6.986122603537380016e+00
6.953392954097962431e+00
6.932445280427306677e+00
6.894944246942785959e+00
6.928987564990357839e+00
6.891425462416805203e+00
6.850039560294204577e+00
6.784987256068093942e+00
6.846418248625631975e+00
6.781985374998837024e+00
6.925746365618979716e+00
6.888103074404113180e+00
6.922742425201596106e+00
6.885095679897085930e+00
6.843121167973364116e+00
6.779511919395910802e+00
6.840193701677166338e+00
6.777380763445319367e+00
6.740993038251966496e+00
6.699800442546815837e+00
6.740270472954445147e+00
6.699460827508396221e+00
6.660550909412875420e+00
6.619061357495201747e+00
6.661047380427595144e+00
6.620293634963553941e+00
6.739576363294773387e+00
6.699378798099759003e+00
6.738740486547570185e+00
6.699329387002186387e+00
6.661741390242321259e+00
6.621952722307528738e+00
6.662530492144152383e+00
6.623784244751530714e+00
6.571260103238255823e+00
6.515190902864876676e+00
6.573996990567676058e+00
6.519509640911294923e+00
6.445712545495534407e+00
6.358813038023487074e+00
6.452990884631781832e+00
6.369373501459394404e+00
6.577080616154818316e+00
6.524550692934687923e+00
6.580378423119888964e+00
6.529952616511569552e+00
6.460968760503643438e+00
6.381430817757473228e+00
6.469455740893715223e+00
6.394388765056562285e+00
6.738485474530446773e+00
6.699486867276777780e+00
6.737494437409346837e+00
6.699416224229472583e+00
6.663395628044225916e+00
6.625678977710649953e+00
6.664195271819119526e+00
6.627530692741665952e+00
6.737490569864699630e+00
6.699617634455228732e+00
6.736358427590927178e+00
6.699427681859980943e+00
6.664996024272242359e+00
6.629288889169365540e+00
6.665625695108045257e+00
6.630874486348603547e+00
6.583756802056987212e+00
6.535493851157013978e+00
6.587084618759178056e+00
6.540981317031932640e+00
6.478182572025082742e+00
6.407807413954559550e+00
6.486873659756560606e+00
6.421271868527333559e+00
6.590257769312757752e+00
6.546251845225668831e+00
6.593188109679138265e+00
6.551172346457790674e+00
6.495281240627836183e+00
6.434400854778686174e+00
6.503195582597032676e+00
6.446858928843650638e+00
6.920342700324828122e+00
6.882573205665156735e+00
6.918354910037900929e+00
6.880628239832412341e+00
6.837731552361649534e+00
6.775581756571055436e+00
6.835867814888521465e+00
6.774221933651670469e+00
6.917415136988381619e+00
6.879645279558246784e+00
6.919476265304031593e+00
6.881422242793925115e+00
6.834940651295316805e+00
6.773689134948832624e+00
6.836499243261692449e+00
6.775531841309787140e+00
6.736477922735136126e+00
6.699571587679372442e+00
6.735316764961310376e+00
6.699271219942238176e+00
6.666228349624065963e+00
6.632285255039436223e+00
6.666627630360521195e+00
6.633471981392570882e+00
6.735501351916575175e+00
6.699352161219310986e+00
6.734529950032616341e+00
6.699074596759967193e+00
6.667020358926399659e+00
6.634478226101630405e+00
6.667272598256629657e+00
6.635305538415276594e+00
6.595821813179980175e+00
6.555643100640703658e+00
6.598117400704316182e+00
6.559594784873261197e+00
6.510449094081422139e+00
6.458365671060221302e+00
6.516918325630216557e+00
6.468703036919402294e+00
6.600073775003285625e+00
6.562995352984028585e+00
6.601710207920510776e+00
6.565850312908548148e+00
6.522527514871972798e+00
6.477720783199565346e+00
6.527250797756320111e+00
6.485337765381375519e+00
6.734907035638153516e+00
6.699268595634435108e+00
6.734645325262468063e+00
6.699525876009353453e+00
6.667642071823213890e+00
6.636074321174612045e+00
6.668221800695160795e+00
6.636981698434811783e+00
6.736302289194429527e+00
6.701008701187110006e+00
6.738772077069540956e+00
6.704138772978944338e+00
6.669728513974483519e+00
6.638611744789867153e+00
6.672739444622902916e+00
6.641327614209362906e+00
6.603109267310649066e+00
6.568218776681587379e+00
6.604473624726924896e+00
6.570281007825941266e+00
6.531117612571837761e+00
6.491538002142037911e+00
6.534271185858486319e+00
6.496412471285634815e+00
6.606324320012013196e+00
6.572500125266447668e+00
6.608722243898769833e+00
6.574596326844542205e+00
6.537105208653876787e+00
6.500267400655955541e+00
6.538966033664368460e+00
6.502041829051533384e+00
6.490036626388954843e+00
5.923976407810578770e+00
6.389003396084313557e+00
5.973125873395988883e+00
6.439220881703152877e+00
6.223579053773270253e+00
6.341239870357289199e+00
5.713362239167758538e+00
5.227249480512862867e+00
5.561922890676118669e+00
5.412947527260707936e+00
5.619182146678830314e+00
5.445547818078740221e+00
5.860216860912983883e+00
5.575031376198375632e+00
5.897151019656227788e+00
5.889571603011222400e+00
6.019829254880928460e+00
5.862157898259189537e+00
5.964525251512109882e+00
6.087245756215762249e+00
6.120582648144590188e+00
5.811169391577371002e+00
5.723218744692700533e+00
5.853152068669571939e+00
5.889607794924541118e+00
5.967926362909909521e+00
5.997502794565979123e+00
6.134349222204479091e+00
6.134766514459211173e+00
5.991222598975078029e+00
5.964761553285947038e+00
6.125167636156937156e+00
6.106702113247447272e+00
5.899191568020436094e+00
5.718995631824087766e+00
5.978518850658621986e+00
5.943526261371623320e+00
6.095550786036012525e+00
6.079623564990163764e+00
5.927107703208102762e+00
5.847009321261179338e+00
6.061560956924600063e+00
6.020725883911337561e+00
6.325314402173614070e+00
6.131847476540400521e+00
6.295168799855232145e+00
6.010770377860766622e+00
5.690378378687653615e+00
5.463827494903587656e+00
5.598710238843852771e+00
5.289969992399429444e+00
6.253335892603527846e+00
5.923039197226104946e+00
6.215038913497934026e+00
5.844320214765474475e+00
5.468533414357120037e+00
5.227329918966566957e+00
5.347255698118107858e+00
5.231604984356061472e+00
5.239047548131310350e+00
5.544530887991391488e+00
5.337001457657145842e+00
5.638706477818045570e+00
5.691608133055471086e+00
5.900741770849855961e+00
5.864137902353162346e+00
6.043653684644072932e+00
5.455413934953363686e+00
5.785120677018086965e+00
5.596720402682283435e+00
5.950825652273696420e+00
6.024133416032919186e+00
6.186493479632902748e+00
6.186183905291876783e+00
6.339274365535292333e+00
6.183881957981379962e+00
5.776953274943783967e+00
6.161440902934171682e+00
5.728160264385960154e+00
5.250190547707437538e+00
5.285106477535522096e+00
5.190463116939945110e+00
5.373376826878620172e+00
6.148182270811938466e+00
5.712901284671429991e+00
6.206838305244560594e+00
6.082099205099284589e+00
6.229161761217107518e+00
6.078725343163219996e+00
5.824956547917843785e+00
5.638505993423494900e+00
5.867183887715349933e+00
5.634272984850452026e+00
5.214080271966079039e+00
5.501668360075022690e+00
5.344101009883400977e+00
5.296012032999502850e+00
5.392306410976372533e+00
5.318255329843603718e+00
5.477420840513854472e+00
5.720967583165182724e+00
5.484239815557656605e+00
5.805086957128731129e+00
5.757049382741600496e+00
6.127171244664179284e+00
5.930600821316526883e+00
6.316868831462995715e+00
6.357778935581394286e+00
6.504139325828814933e+00
6.545392843051318188e+00
6.687122199554195845e+00
6.131865813721966596e+00
6.545053268748339370e+00
6.126068694440600204e+00
6.350025335352806444e+00
6.177834998899155217e+00
6.469592262737577038e+00
6.608357129617194126e+00
6.734324020883618367e+00
6.703702063725880400e+00
6.859124882029656867e+00
6.775600012700193631e+00
6.914338312865069724e+00
6.868801030712311295e+00
6.939895402083210207e+00
6.975543364850197214e+00
7.056606210972536708e+00
7.015987427969046841e+00
7.064879437326554878e+00
7.122319132999637148e+00
7.176828985293000507e+00
6.003459996299137735e+00
6.112411793139608918e+00
6.154806584990555329e+00
6.243160990292781598e+00
6.162815700191752732e+00
6.222372590066518327e+00
6.300109461417243040e+00
6.347406148782965829e+00
6.296121118771248248e+00
6.375055325951051621e+00
6.443441944996332715e+00
6.518367849133747782e+00
6.432146446488433256e+00
6.475206900802945142e+00
6.574498457787098182e+00
6.617552041096049997e+00
6.249651862691036897e+00
6.281804466691640165e+00
6.378038431554374554e+00
6.402537700501269136e+00
6.293596327240665644e+00
6.307164860027033804e+00
6.416270830619797749e+00
6.425099135927986538e+00
6.506646353556962303e+00
6.529376834324787993e+00
6.650404870360916654e+00
6.674653174662442012e+00
6.544091848819663326e+00
6.552240044486540960e+00
6.691176172790148868e+00
6.700714467021012588e+00
6.604051634746083366e+00
6.677722555865001297e+00
6.785341285710234871e+00
6.861341526298907922e+00
6.735283444922219864e+00
6.781551748373114030e+00
6.924597224700428377e+00
6.978756224739493419e+00
7.013912101808126742e+00
7.097247214390428383e+00
7.119228831781338585e+00
7.160039316797160325e+00
7.226895999864088260e+00
7.274500169232479330e+00
7.207697851945470191e+00
7.245245990349521215e+00
7.321688385376035946e+00
7.368593775457038753e+00
7.172791020492700120e+00
7.242542876362126236e+00
7.291403909223745927e+00
7.326759209063199663e+00
7.416480354046301571e+00
7.463671249096968552e+00
7.372373710837112348e+00
7.405097834829518888e+00
7.512124047827650308e+00
7.558413086367189671e+00
6.818616448409602349e+00
6.847277521157693059e+00
7.024688652307641945e+00
7.062127985944445463e+00
6.867884225310080915e+00
6.880808575166893704e+00
7.090631591283847790e+00
7.110100558854605346e+00
7.305669006768352958e+00
7.360387546248952972e+00
7.449251078448456909e+00
7.478395247170703364e+00
7.605724352141713496e+00
7.649147425434041914e+00
7.519517865480981555e+00
7.544174380362318466e+00
7.693201739962215235e+00
7.731880835152920461e+00
7.405084475127504007e+00
7.438879989038315266e+00
7.580786367822459404e+00
7.600370098016397513e+00
7.770883332835144763e+00
7.803493152555208034e+00
7.631456600992945205e+00
7.645767038919330183e+00
7.836289148840650753e+00
7.862153947213617045e+00
6.244295152063921606e+00
6.094390825512335574e+00
6.260556512101528526e+00
6.116509129944155632e+00
5.895373109150424895e+00
5.657053048479895097e+00
5.926018803772091559e+00
5.691278546381215442e+00
6.278546953977613754e+00
6.142189960809707472e+00
6.297951308486854138e+00
6.170436825374152612e+00
5.961084366468654139e+00
5.733510083466240914e+00
6.000366742152789534e+00
5.782917627139370076e+00
5.423188976211759993e+00
5.334253048715436485e+00
5.456648435331511671e+00
5.352929405465914670e+00
5.499809405136354634e+00
5.851898856315558284e+00
5.513529292806746085e+00
5.886350612916838365e+00
5.497407351205515269e+00
5.376325000625932660e+00
5.547495438807708013e+00
5.407076357706547931e+00
5.523618276268734029e+00
5.911513891109839491e+00
5.531192966689817858e+00
5.927196352607499108e+00
6.318227771490943390e+00
6.200421563934090941e+00
6.338778647519674792e+00
6.231267465086470558e+00
6.043027360370980539e+00
5.838714478023192989e+00
6.087916191708277580e+00
5.899663594384647602e+00
6.359017068501784387e+00
6.262068271340682557e+00
6.378399693022396733e+00
6.291934513724259048e+00
6.133691902876631907e+00
5.964025133594345718e+00
6.178916766694688256e+00
6.029641525129751933e+00
5.607781148515576852e+00
5.448269447203395899e+00
5.678140849519963673e+00
5.502875150275933436e+00
5.539013168538059695e+00
5.932963274386898966e+00
5.551524293214855632e+00
5.929273498937982723e+00
5.757341956219676149e+00
5.572950174239244880e+00
5.842977848660686035e+00
5.658741614645451001e+00
5.574701984514826236e+00
5.918344158719571979e+00
5.615185134361809105e+00
5.905007682318990092e+00
6.241060310955477419e+00
6.562909384211375041e+00
6.302669609360754599e+00
6.650968177723253660e+00
6.802859307072526285e+00
6.965811925103637670e+00
6.903076944786735503e+00
7.069665080337149021e+00
6.359162693808993794e+00
6.736654665071839965e+00
6.408346737176678687e+00
6.819203044399071878e+00
7.003753985868658383e+00
7.172602219021857906e+00
7.103375270374526096e+00
7.272948175600960852e+00
7.078045588071717020e+00
7.157388405837006751e+00
7.178345410715273545e+00
7.253290871863512734e+00
7.219670918946379246e+00
7.273452175021803967e+00
7.311843303753519763e+00
7.363964373625820237e+00
7.276184481468868981e+00
7.344719464272137621e+00
7.368838622763636437e+00
7.428496576036350163e+00
7.398310877976941313e+00
7.448010014184281324e+00
7.475369929681314751e+00
7.521509772499124225e+00
6.447937308927556010e+00
6.896562402247365497e+00
6.475587042971553409e+00
6.965921634994106881e+00
7.199353932596602945e+00
7.367225127458349121e+00
7.287963712094829738e+00
7.450439284263138617e+00
6.489190250402547377e+00
7.023898004187000055e+00
6.487368776287879335e+00
7.066819199464381640e+00
7.364260998904454958e+00
7.516214739937908007e+00
7.422262538808186427e+00
7.557312053304175770e+00
7.451851952148627056e+00
7.499530269912328073e+00
7.519330974852532101e+00
7.551401408049375874e+00
7.537394211756660134e+00
7.578341876084194517e+00
7.577528589417940275e+00
7.611192481940596721e+00
7.564362317078308529e+00
7.577073393073006535e+00
7.579901368340783208e+00
7.570043045986971642e+00
7.588625472947535755e+00
7.612717680151569688e+00
7.564621353299326501e+00
7.577160820080035997e+00
6.396450814469958779e+00
6.320044674017895048e+00
6.412782648031901012e+00
6.345695083066127395e+00
6.222162686538600163e+00
6.094108946505700786e+00
6.262126197273351735e+00
6.155013298381990516e+00
6.427109452876463180e+00
6.368339155844933153e+00
6.439250385713642721e+00
6.387603138208511666e+00
6.297733172605632923e+00
6.210189946300621600e+00
6.328203637588495134e+00
6.257940695027491174e+00
5.931591117611667130e+00
5.757980479241079586e+00
6.019032064956167716e+00
5.865702950358531176e+00
5.678447402353366869e+00
5.897322670289686819e+00
5.766270546211101689e+00
5.906222455160764717e+00
6.101013531557537561e+00
5.974825380010523546e+00
6.173734255735612741e+00
6.077448612660948157e+00
5.874551014569033391e+00
5.942999753106334104e+00
5.992952874781322770e+00
6.013547329642393358e+00
6.449115064900710514e+00
6.403263364033055183e+00
6.456720916665262600e+00
6.415228521317144050e+00
6.353040724383339111e+00
6.297119577930452294e+00
6.371969493696381548e+00
6.327056891512401471e+00
6.462262302628068333e+00
6.423547501765382250e+00
6.464235672858114512e+00
6.426233571009299261e+00
6.384841891056658447e+00
6.347301983185473340e+00
6.389133864111684602e+00
6.354706640721325073e+00
6.234354996036554297e+00
6.166488941949619829e+00
6.281122370327677729e+00
6.236923155876102243e+00
6.107329705717421398e+00
6.110871213366547927e+00
6.204196800389632394e+00
6.213806500171876301e+00
6.312957197930233910e+00
6.285810040497643136e+00
6.325912547174907807e+00
6.307938004538661048e+00
6.274452888639953763e+00
6.298210157496820116e+00
6.309954789206974723e+00
6.346461531843308634e+00
6.470140806879330242e+00
7.091268362596188091e+00
6.439786116792394211e+00
7.094967204293905816e+00
7.455662362273227650e+00
7.566796069810137304e+00
7.459366467287932956e+00
7.539931047103467066e+00
6.401974676179685630e+00
7.077923659566675241e+00
6.367270883702381923e+00
7.043458127963102555e+00
7.431918175768107204e+00
7.476639792807262097e+00
7.378211739354355814e+00
7.383940824917490708e+00
7.560133692431461938e+00
7.525748838977719402e+00
7.502077634454900057e+00
7.442870875975913236e+00
7.502058595823640097e+00
7.502049950201592488e+00
7.401421596203541675e+00
7.389716185313211838e+00
7.407231306399092219e+00
7.324483593761159206e+00
7.283325184998635571e+00
7.179732611827059685e+00
7.268605875017503770e+00
7.249283863205881140e+00
7.117966717710706881e+00
7.100960577453952816e+00
6.352060116746419460e+00
6.998173349535639076e+00
6.370517817147326234e+00
6.949191444562468511e+00
7.310714889259633864e+00
7.276952317240924728e+00
7.246829426654604056e+00
7.176285955984109677e+00
6.409091599695194930e+00
6.897953590879957630e+00
6.432019889505617982e+00
6.840343120396444654e+00
7.202080977429279329e+00
7.101021166509212890e+00
7.184059028811000225e+00
7.061406894113114063e+00
7.145979291362951180e+00
7.026634031082846121e+00
7.018288004282484671e+00
6.893106317170206054e+00
6.978330916271288764e+00
6.982577436645359015e+00
6.898262424809963100e+00
6.946482163223386408e+00
6.924783957284360802e+00
6.807915940151058720e+00
6.879577793333508495e+00
6.781710778836508524e+00
6.950913495546714671e+00
7.034111940782046268e+00
7.105909289207009039e+00
7.176056845782866844e+00
7.323964978155457217e+00
7.374163830044241585e+00
7.415045742811229523e+00
7.467888123033763925e+00
7.425273686796428407e+00
7.478034208441210140e+00
7.523679672267280516e+00
7.582862684947584420e+00
7.499372648282742304e+00
7.555022418043426669e+00
7.572518153694638876e+00
7.630791104799675040e+00
7.615986233151063267e+00
7.682405944538436948e+00
7.697084439767610142e+00
7.771181323575898858e+00
7.532439784812986261e+00
7.588106604303647806e+00
7.645210625448532582e+00
7.710153284944205154e+00
7.644713497676461245e+00
7.701166969753201919e+00
7.776846099185295458e+00
7.844208857542825264e+00
7.753774560059155441e+00
7.829142301199366827e+00
7.852144689612597261e+00
7.938478919023557623e+00
7.907220149153880051e+00
7.986514599014454596e+00
8.028273122576381482e+00
8.119385847962108826e+00
7.627865245692682983e+00
7.688032297605528420e+00
7.657588074197409611e+00
7.718318401198882128e+00
7.759203314209157654e+00
7.840648262207144725e+00
7.793165047925755040e+00
7.880613649991719427e+00
7.654059427043453212e+00
7.713627301480957321e+00
7.611726983086128051e+00
7.668489956727149170e+00
7.790359821706430488e+00
7.881550695357052660e+00
7.745192853530453725e+00
7.837380482750237576e+00
7.930766564954121911e+00
8.027244792703152498e+00
7.978044999167366313e+00
8.081951909549806246e+00
8.127263466253944912e+00
8.227781770255935712e+00
8.188284692916836249e+00
8.292928857282033661e+00
7.983095779066093911e+00
8.089912534690073542e+00
7.938952510206926050e+00
8.043066431906323643e+00
8.196544167172255868e+00
8.297929641062971484e+00
8.143069440889041388e+00
8.233528901922795740e+00
7.757258808961974061e+00
7.811501100388007934e+00
7.911224838793414094e+00
7.976701603650586669e+00
7.864060267035781315e+00
7.913305788852989409e+00
8.039802562009130682e+00
8.099509563007153190e+00
8.065485269901884635e+00
8.142621900403741009e+00
8.209645612988817120e+00
8.297024549150265216e+00
8.216612038559125253e+00
8.286308521288823670e+00
8.379781699609017309e+00
8.456527978211589414e+00
7.959882238688007483e+00
8.002156870245521247e+00
8.155350465299884277e+00
8.206591897375526301e+00
8.041213249833051080e+00
8.075452012517192912e+00
8.253134167629339046e+00
8.294495870511200408e+00
8.350877236686679694e+00
8.409658484790568878e+00
8.526274874060980835e+00
8.588392850987506932e+00
8.462302890880884831e+00
8.508565333407613451e+00
8.642587829792191201e+00
8.688819535909436453e+00
8.325853932997908657e+00
8.418896477419350433e+00
8.392217932817082726e+00
8.483298687930922455e+00
8.504859552475366513e+00
8.582303307523515556e+00
8.564275082661973570e+00
8.634203676324244014e+00
8.390171904058291830e+00
8.470902677093562261e+00
8.311246323745116626e+00
8.375366787462789731e+00
8.539189986296594981e+00
8.595304144851683148e+00
8.426679208606621785e+00
8.467076600377852813e+00
8.650394746565869042e+00
8.708809188830732850e+00
8.692960207425954877e+00
8.740942630397130486e+00
8.757597890444134947e+00
8.797087459494212780e+00
8.778744724844500524e+00
8.807020546495845537e+00
8.640364162214364541e+00
8.675688705292062153e+00
8.499079539542307771e+00
8.524719094320181156e+00
8.702169053375829577e+00
8.720210053407994266e+00
8.544455093845696680e+00
8.557419720738540292e+00
7.528952102686422343e+00
7.581889037000364873e+00
7.409486487590921655e+00
7.458369250214655466e+00
7.656999956939745999e+00
7.747351086514112417e+00
7.530734458640324647e+00
7.616248889258971033e+00
7.264160296416552143e+00
7.308563196980847110e+00
7.114101613722620066e+00
7.149671784144230102e+00
7.376673653532405339e+00
7.453745247299424115e+00
7.209819965996947744e+00
7.274794280231494881e+00
7.844374338911140221e+00
7.939771266607972500e+00
7.703434921205150054e+00
7.783738740307346582e+00
8.026509167752529095e+00
8.099658298253096689e+00
7.851486100182810013e+00
7.902996684567894725e+00
7.524367226848916346e+00
7.582182472027207076e+00
7.320857531719006772e+00
7.346502762938548869e+00
7.626572672330596880e+00
7.655388968239883241e+00
7.365163151350180293e+00
7.377092834666068910e+00
6.994359952407985581e+00
7.005769966088265299e+00
6.946558883622948599e+00
6.904169650227040655e+00
7.049752549945265123e+00
7.103374422741333127e+00
6.920918011586791430e+00
6.977921852792655422e+00
6.993536161352647440e+00
6.858516938836601184e+00
7.094171328433915846e+00
6.854679968758387254e+00
6.848479426209803655e+00
6.941900100113282512e+00
6.847236307017014134e+00
6.982750140041957820e+00
7.119716699981396779e+00
7.099128358432825081e+00
6.971015129644500874e+00
6.883619607158798281e+00
7.091256546523013071e+00
7.104775946812597276e+00
6.848093806951978557e+00
6.893968304658836033e+00
6.932853978633931824e+00
6.749253869714670451e+00
6.996732968055130897e+00
6.704362152353377624e+00
6.693420725734955390e+00
6.793241462122760588e+00
6.673331607849060099e+00
6.797941525085502867e+00
8.157713409522749259e+00
8.202190891223414937e+00
7.938866716037376037e+00
7.963263053687390070e+00
8.235861419394451488e+00
8.262063447248447545e+00
7.980618399810786912e+00
7.995102141519931926e+00
7.670053839408123686e+00
7.676294690751893413e+00
7.379016728761196298e+00
7.373045762144087689e+00
7.679497347726926826e+00
7.684176405420869216e+00
7.364946594978241556e+00
7.361008156196101382e+00
8.284561931011390712e+00
8.305829180105588350e+00
8.011581915433968248e+00
8.033115225819623006e+00
8.325087231649213493e+00
8.339067145274679405e+00
8.057277311324822833e+00
8.077400982414831176e+00
7.696234363149737412e+00
7.719854426246949508e+00
7.367587272404670706e+00
7.389762733651919824e+00
7.751548463012097656e+00
7.780946363087098305e+00
7.425662598907543099e+00
7.463340776806898447e+00
7.115702961791120273e+00
7.108796351235421973e+00
6.943155981448318137e+00
6.945231801130177018e+00
7.092258765567551748e+00
7.080926826389340789e+00
6.920432667810341165e+00
6.904376646594855949e+00
6.889003212561866540e+00
6.892303799169295253e+00
6.906257873027088934e+00
6.891443911169078618e+00
6.850254882153330449e+00
6.835815276658451012e+00
6.816060242499802690e+00
6.810952150272465033e+00
7.078921905431469597e+00
7.089109106330314880e+00
6.892443555115145948e+00
6.880137614270241286e+00
7.116940716716031901e+00
7.154826727412972431e+00
6.887812023315360577e+00
6.912903626411983637e+00
6.821692351607546279e+00
6.792819100555141709e+00
6.810248001642861482e+00
6.785841370469787748e+00
6.799010077012862752e+00
6.805874550474019458e+00
6.837189655510045760e+00
6.839129880993381150e+00
6.310805814049777140e+00
6.313243566067963108e+00
6.427602181163064365e+00
6.426381047999387697e+00
6.311471653695936546e+00
6.305574370127563277e+00
6.421727511654498954e+00
6.413856279050625275e+00
6.554688338041125384e+00
6.552475861148544745e+00
6.704106651408944018e+00
6.702261378915957302e+00
6.546669958287149704e+00
6.537919986232626712e+00
6.696263705617602646e+00
6.687106231475691942e+00
6.301322169846819143e+00
6.291542704673013908e+00
6.405586763568814845e+00
6.395051097733721157e+00
6.285328936855513859e+00
6.272639744996937772e+00
6.385797341825855788e+00
6.374581638947148576e+00
6.527790001117935503e+00
6.516550394807502755e+00
6.676048679270962793e+00
6.664052110088700687e+00
6.505750653005359929e+00
6.495253093152577151e+00
6.652363664138752242e+00
6.641838276908222483e+00
6.886696527013228319e+00
6.886457791120663252e+00
7.120975696279178813e+00
7.124179955166660250e+00
6.881227625389587210e+00
6.872203275462657857e+00
7.120957300536235657e+00
7.112681964550973568e+00
7.461754147616123767e+00
7.474386296512184558e+00
7.670851453899991235e+00
7.679988631152856016e+00
7.888210392643538071e+00
7.907155452366423809e+00
7.699016537365722002e+00
7.703248269210956956e+00
7.926365979501121650e+00
7.938499879394988135e+00
7.477892317299684954e+00
7.473606756913568461e+00
7.716420940326266020e+00
7.716100497647594203e+00
7.950992186997178912e+00
7.956575688979446781e+00
7.723769031750926217e+00
7.719356393736553912e+00
7.962643503096037634e+00
7.962116496427486645e+00
6.860681507768658705e+00
6.847928454750531913e+00
7.100797571799079222e+00
7.086827495195882953e+00
6.835342156364537125e+00
6.824287625433441029e+00
7.072503331326994491e+00
7.059735167408864420e+00
7.463033905515473521e+00
7.447963804033549629e+00
7.722038872554632505e+00
7.714207203364666476e+00
7.962301088155768980e+00
7.956432977296011622e+00
7.712706072777419486e+00
7.702448568120471073e+00
7.951687215278717247e+00
7.941742677719935806e+00
7.430649052163212254e+00
7.413780556649197884e+00
7.697981604814058798e+00
7.686613368516975520e+00
7.933562717625429528e+00
7.921339312706453306e+00
7.680795379338018591e+00
7.669767553623032086e+00
7.911699186979411991e+00
7.899285925751606818e+00
6.270777166679069481e+00
6.260566251020395434e+00
6.368295134906789556e+00
6.360753338244914623e+00
6.259274072348546269e+00
6.247157675820916189e+00
6.357360373493779804e+00
6.350253688016530340e+00
6.487552329170442000e+00
6.481467519712651004e+00
6.633922655590647643e+00
6.628857154469637969e+00
6.478117066350289832e+00
6.474828486109806214e+00
6.626893535678517466e+00
6.626807526564094886e+00
6.244636355317060072e+00
6.231073407428347366e+00
6.347018542350658876e+00
6.338457525963417716e+00
6.217197250606114167e+00
6.202455439333466991e+00
6.329556063587077119e+00
6.318072568490899599e+00
6.473046456387063330e+00
6.469313695521216268e+00
6.628180857843340767e+00
6.629092438773348306e+00
6.464360769335418588e+00
6.457459951031297329e+00
6.628943165090085188e+00
6.627031071676965368e+00
6.816222841754931316e+00
6.811981679809975709e+00
7.050454914791770555e+00
7.046051561728976509e+00
6.811799066712084461e+00
6.814859609163280041e+00
7.046989308613925473e+00
7.052558167608001582e+00
7.400112792649129467e+00
7.391739584649839934e+00
7.664338207649501022e+00
7.654897135068147840e+00
7.890258029788899563e+00
7.879514951814464041e+00
7.651234654067369689e+00
7.644087295850792607e+00
7.872679538161283297e+00
7.864695152067764816e+00
7.389466466250943277e+00
7.392605150383402268e+00
7.642790256630505041e+00
7.637967269337002207e+00
7.860686755057533226e+00
7.855545543345211712e+00
7.638724150134398094e+00
7.635700131691465664e+00
7.853985392233630236e+00
7.850939878698058649e+00
6.820094645951569667e+00
6.825840411662416507e+00
7.061312115381085164e+00
7.071425262665959721e+00
6.830979096699905107e+00
6.834539278798942519e+00
7.081444450843283001e+00
7.090106019009781768e+00
7.399418303429603938e+00
7.407837483609506002e+00
7.637537179102629636e+00
7.635543550652372780e+00
7.850754991537181482e+00
7.848677648913241711e+00
7.637247713909156133e+00
7.635616867300281108e+00
7.848593472809372251e+00
7.846453455565214341e+00
7.416159633425286835e+00
7.422744572053522560e+00
7.636093208296823143e+00
7.634393749278995500e+00
7.845363098840728355e+00
7.842376657439982246e+00
7.632398191021470879e+00
7.629900355773298060e+00
7.839085139456930307e+00
7.833939403254927214e+00
8.106276684421711565e+00
8.132101531946089423e+00
8.330855662319017085e+00
8.361896003766727148e+00
8.154525387571823103e+00
8.171954804929489669e+00
8.387969158534851033e+00
8.408849213586000459e+00
8.548462362607299525e+00
8.582041235351598019e+00
8.727296006110021764e+00
8.758412085451348972e+00
8.609569287887165245e+00
8.631288605461929109e+00
8.782764116754878003e+00
8.801082831463007849e+00
8.186106599947194695e+00
8.195388316891525804e+00
8.424996458961407697e+00
8.436240499452301478e+00
8.201617465368634896e+00
8.203242554950049836e+00
8.443119869182689641e+00
8.445506150524657585e+00
8.647622975051813654e+00
8.658903016387732521e+00
8.814216458441448410e+00
8.822990286908110491e+00
8.665577765264673715e+00
8.667926663573998880e+00
8.828138271998712483e+00
8.830170757877866095e+00
8.827857358558423684e+00
8.850738943720674712e+00
8.826560596980927542e+00
8.838422657480672129e+00
8.866833506112413943e+00
8.877497973476534909e+00
8.844061041006320067e+00
8.845419545846398890e+00
8.730158464943515995e+00
8.732720574958175774e+00
8.562624462348413346e+00
8.559796078775587347e+00
8.729296075757368101e+00
8.722304440101195766e+00
8.549887213955091880e+00
8.535837404166249698e+00
8.884253953673386661e+00
8.888560178825676061e+00
8.844799138240205139e+00
8.844399225371200046e+00
8.891570715044995410e+00
8.893970492473018297e+00
8.845816590076914565e+00
8.849829915089129528e+00
8.715019289273378433e+00
8.710613725221618253e+00
8.522427773598284517e+00
8.514334754214084811e+00
8.711153004436441805e+00
8.717382333715873344e+00
8.514114587407679124e+00
8.522144114760873634e+00
8.202203065162702700e+00
8.197048221587943218e+00
8.444014034352905540e+00
8.438576497038388524e+00
8.189870077666446591e+00
8.179384861692376774e+00
8.429927181665876290e+00
8.418134234977175723e+00
8.666311102307169278e+00
8.660905401644894752e+00
8.829381268505281710e+00
8.825799983668943582e+00
8.652016148796404238e+00
8.639846162117677864e+00
8.819307761491149478e+00
8.809703763188046821e+00
8.167842916361358618e+00
8.154151236936131752e+00
8.404129928494356250e+00
8.388185977080238942e+00
8.140638128366214588e+00
8.126310679137295878e+00
8.371427443333622875e+00
8.354244420827425799e+00
8.624865434908754125e+00
8.607544969853886840e+00
8.796922265718180256e+00
8.781107534013141702e+00
8.588683537318575034e+00
8.569040103904292494e+00
8.762755207533015067e+00
8.742643090298487962e+00
8.895936551550043703e+00
8.897139875736714387e+00
8.856437468172721594e+00
8.864897329421987493e+00
8.896835524051825317e+00
8.894050868634037599e+00
8.873771599643411889e+00
8.881160708213817756e+00
8.729088458320132915e+00
8.745244701516341479e+00
8.537856462816684200e+00
8.560176449103970242e+00
8.763878715131607322e+00
8.782253420110249564e+00
8.586932157765220452e+00
8.614808339411112570e+00
8.887881432305945850e+00
8.877745184290908753e+00
8.885125451843324029e+00
8.884078690643123721e+00
8.863593927587421817e+00
8.846008900556451948e+00
8.877134577656118353e+00
8.864469761815302107e+00
8.797430948438762499e+00
8.806719198547343197e+00
8.640129890538963409e+00
8.659204448478607929e+00
8.808096072658692322e+00
8.801071111447596351e+00
8.668531304568139362e+00
8.666535995366031031e+00
8.344635396041914177e+00
8.340104989269168101e+00
8.087536183087131292e+00
8.084332980079420139e+00
8.325645764397039628e+00
8.304876321154594621e+00
8.066684355407831575e+00
8.038917170070346785e+00
7.798751657852991848e+00
7.799762218304433503e+00
7.489944631252625662e+00
7.498191667507005498e+00
7.780627043481771921e+00
7.745965051267206469e+00
7.480771722122473655e+00
7.441068369703902619e+00
8.285019018633796861e+00
8.273141103799229512e+00
8.012003507312712713e+00
7.996740631219672935e+00
8.272189190543981496e+00
8.281346298970321484e+00
7.996166935900582473e+00
8.006627031805130912e+00
7.712075977622279588e+00
7.695432115752738333e+00
7.401878773547524659e+00
7.388115863676903317e+00
7.698750255678548982e+00
7.712687027739036694e+00
7.402273933545020945e+00
7.424683505682591722e+00
7.186737078264200385e+00
7.204311150579735923e+00
6.938196079901450375e+00
6.961362384870692033e+00
7.195175161653959428e+00
7.155985196013824101e+00
6.974029862726454532e+00
6.945688363967476242e+00
6.806494440297059967e+00
6.813675392926021424e+00
6.812463765210587496e+00
6.765744792369858374e+00
6.874290276768967090e+00
6.866984101992585465e+00
6.897393496589311113e+00
6.908071586238201611e+00
7.114455779355191467e+00
7.108080609992819987e+00
6.902776223199340144e+00
6.900025278711192200e+00
7.142421121269926232e+00
7.179508359404827011e+00
6.960583021710002427e+00
7.012715289638816074e+00
6.819185309342417511e+00
6.793627244348388494e+00
6.854710902591022226e+00
6.770027865494274266e+00
6.877516386868829379e+00
6.931379301863018760e+00
6.870581484228203806e+00
6.906923985133595956e+00
8.299226060214373035e+00
8.325015360699186573e+00
8.024842402925280282e+00
8.050661894116998951e+00
8.356878049734239866e+00
8.391319247393555614e+00
8.083483207819188721e+00
8.120248462251019816e+00
7.729972901147086795e+00
7.751634049307479124e+00
7.440658278891119082e+00
7.453571164023761852e+00
7.779763013019741713e+00
7.812617446509531050e+00
7.470195872255228409e+00
7.490234657120220518e+00
8.424411085284367218e+00
8.451830129544665837e+00
8.157520133685215669e+00
8.191128841587289600e+00
8.468171009933181281e+00
8.470064488496822364e+00
8.213338586486468529e+00
8.217837309512972865e+00
7.848256515198319683e+00
7.884289432061576619e+00
7.514146295142486665e+00
7.545290079825132779e+00
7.910753219833354777e+00
7.916584277057702401e+00
7.574161567066197698e+00
7.581086327529349411e+00
7.193655370754043155e+00
7.194931098839912664e+00
7.021279837873553475e+00
7.014669761769113165e+00
7.196626900632523416e+00
7.194283038319854384e+00
7.012662747633587657e+00
6.984825019076366992e+00
6.925304776778260951e+00
6.924538685191925502e+00
6.883272703806913917e+00
6.896188479290901618e+00
6.953623321664633927e+00
6.910681835296172082e+00
6.984664236269336968e+00
6.947609417653013431e+00
7.190173087052586176e+00
7.203464688154020301e+00
6.933816556002112996e+00
6.911321668433071608e+00
7.237103926430266121e+00
7.249417567008480390e+00
6.970025561660894375e+00
6.999456213243376190e+00
6.807536957080060347e+00
6.728575078650001373e+00
6.822120832336971752e+00
6.669189703440337347e+00
6.867076547291077304e+00
6.922257307097681611e+00
6.936353785077138845e+00
7.006943511108828737e+00
8.113389289085569445e+00
8.100790182032747921e+00
8.337759188607337890e+00
8.322226855284519331e+00
8.090430915669692524e+00
8.080982297673394044e+00
8.308493995098384488e+00
8.296470148404001321e+00
8.549575366100032880e+00
8.531010025845544575e+00
8.721796526660080318e+00
8.701237713881821989e+00
8.514064176923994864e+00
8.499077732045400069e+00
8.681882912996629287e+00
8.664380152891808962e+00
8.073988631436801455e+00
8.067858673548419901e+00
8.286610979880929762e+00
8.278465086657201155e+00
8.063823950420795583e+00
8.060144012582215467e+00
8.272160428208968241e+00
8.267009186517714880e+00
8.486331204865535938e+00
8.475730074816809179e+00
8.649152142639790597e+00
8.636321074813952947e+00
8.467162944242069500e+00
8.460226524447222118e+00
8.625799818145614140e+00
8.617288098486124426e+00
8.826135291768041569e+00
8.805360051606227145e+00
8.847397432278409468e+00
8.827840978021189500e+00
8.784985672928593559e+00
8.766045761367102784e+00
8.807652365604610623e+00
8.788342362586977430e+00
8.787222331405454057e+00
8.769293313496890008e+00
8.655242881639136243e+00
8.638679351173403020e+00
8.749800503613377245e+00
8.730720928266718417e+00
8.620022210287217490e+00
8.601467690365021568e+00
8.749273510606089488e+00
8.735034706970532525e+00
8.771076662714293093e+00
8.756512741063742666e+00
8.723323185434992411e+00
8.713855598857795925e+00
8.744643034802603410e+00
8.734997359594167676e+00
8.713764832094083701e+00
8.699976039354877955e+00
8.585435691648367396e+00
8.573649926120076259e+00
8.689141134537536004e+00
8.680175179942736463e+00
8.565402092383015642e+00
8.558262528410223169e+00
8.057859520125807862e+00
8.055266530263157421e+00
8.262968435767758635e+00
8.259292001939616767e+00
8.053303412901179570e+00
8.050483304009292240e+00
8.255905468824131788e+00
8.252125887373493285e+00
8.454600650999887890e+00
8.449773960695383224e+00
8.610426003022396912e+00
8.604780663769069804e+00
8.445375655414588678e+00
8.440877238452598519e+00
8.599926344096848752e+00
8.595359142433071753e+00
8.047591232414292861e+00
8.043419469253105802e+00
8.247855155990844622e+00
8.242413888764206220e+00
8.038230885990810037e+00
8.030868736540039521e+00
8.235381077680118622e+00
8.225656785554427586e+00
8.435838892570824754e+00
8.429557950802612609e+00
8.590485332903609716e+00
8.584408853728104916e+00
8.421152931145178044e+00
8.409187500787966840e+00
8.575772405881849636e+00
8.562511711497414524e+00
8.706265385936710288e+00
8.700189990778216753e+00
8.727078706876771008e+00
8.720576468781773727e+00
8.695281505210287420e+00
8.691143203777125237e+00
8.715315942915244918e+00
8.711176502923290599e+00
8.672159749710978360e+00
8.664774964597031115e+00
8.550462407797612130e+00
8.541651603336951837e+00
8.658057860020653251e+00
8.652316361529923228e+00
8.532048305555591128e+00
8.522445497819774118e+00
8.687212802942251955e+00
8.682467328001324702e+00
8.707919657510570843e+00
8.704678009067245981e+00
8.675082005528166107e+00
8.662196165522855651e+00
8.699317451388843381e+00
8.688197417999383276e+00
8.648019883162312738e+00
8.644902978248095948e+00
8.514513826932315510e+00
8.509170643374812215e+00
8.640751916362898299e+00
8.631263280724786213e+00
8.504149693963535483e+00
8.494330324034509161e+00
8.460273910062994673e+00
8.444857252749796928e+00
8.208460193197208099e+00
8.194392192975564981e+00
8.427423515787547004e+00
8.409722534767816171e+00
8.179167194877889457e+00
8.162824315884925852e+00
7.906506503879465519e+00
7.894238259826129145e+00
7.568769694199763087e+00
7.557622279987604941e+00
7.882901448462461325e+00
7.868855773393065967e+00
7.552969427321523099e+00
7.544110219164642750e+00
8.395190569744967135e+00
8.386948112453531223e+00
8.150291785080655771e+00
8.147417094776189472e+00
8.383438833464991191e+00
8.379736606913782637e+00
8.151405958819609054e+00
8.153144759784288098e+00
7.858644779460870033e+00
7.862745184202357684e+00
7.536155709424394722e+00
7.546478091381580100e+00
7.877179310079138297e+00
7.886580872075882098e+00
7.573241630146526404e+00
7.593019767934552355e+00
7.230630815568587444e+00
7.213848096822226275e+00
6.962974595096764752e+00
6.917356378041255027e+00
7.222211362578616622e+00
7.227485205126138013e+00
6.954880466472681100e+00
6.991239785778638804e+00
6.855258465583697003e+00
6.731498383579985756e+00
6.917277038942960310e+00
6.672989500122997519e+00
6.831346045157540736e+00
6.909310254546104701e+00
6.863411887945142453e+00
6.965573812574257673e+00
7.219923896340838532e+00
7.226940322324056254e+00
6.978098032456592215e+00
6.953702268747700366e+00
7.264916661276314969e+00
7.299781333279339535e+00
6.999366015971638433e+00
7.055935267009806111e+00
6.885195259363134923e+00
6.781074593864773625e+00
6.935388421977685347e+00
6.720004701391393276e+00
6.838563450209662165e+00
6.914212389842248285e+00
6.812437402779381479e+00
6.884851720661862018e+00
8.372723602357453387e+00
8.362203053886682724e+00
8.147683859983672505e+00
8.135502864397452072e+00
8.348438734626540736e+00
8.332623021289446541e+00
8.116497000506337045e+00
8.092052413511947151e+00
7.883580506380456043e+00
7.870041830440040798e+00
7.593746892254983116e+00
7.579000960604664883e+00
7.844525489371343419e+00
7.808693299585833358e+00
7.545087803061460541e+00
7.495721027779082668e+00
8.318448422349419502e+00
8.308882902209159482e+00
8.069572412331925904e+00
8.055557229537832598e+00
8.301052502244502307e+00
8.287987583651432288e+00
8.044829397218332900e+00
8.025922612423556757e+00
7.777035229127520211e+00
7.761728873551913210e+00
7.457123408748085325e+00
7.448563173553828243e+00
7.751631892998001483e+00
7.725758729636345912e+00
7.447976401346189768e+00
7.417326884234324957e+00
7.305273413067040700e+00
7.287605594604191772e+00
7.063183075571348724e+00
7.036657458415801258e+00
7.244486891351644253e+00
7.185735960716996829e+00
6.995313637586677125e+00
6.945069436731859724e+00
6.914093912634352357e+00
6.869802639624607465e+00
6.874189949691299262e+00
6.801617070177706559e+00
6.875369319241620758e+00
6.847210932932138228e+00
6.903005670881112721e+00
6.886945205960669725e+00
7.147710541013391428e+00
7.155098710641431659e+00
6.914005360573600711e+00
6.931468348469417506e+00
7.177695246109213834e+00
7.151420105013856165e+00
6.989747972754763339e+00
6.982160627325709967e+00
6.814991578087893132e+00
6.807802959917993668e+00
6.840099620231669064e+00
6.770420214870425113e+00
6.910160937348461374e+00
6.918118445058485833e+00
6.910971606063429640e+00
6.921311674343345821e+00
7.696462384254411759e+00
7.254481362459793026e+00
6.758303271582158267e+00
6.863698390238331726e+00
6.031633642463909872e+00
6.391479892598070478e+00
6.652856697380077122e+00
6.731847026858599925e+00
6.154082417983230968e+00
6.167040663627630259e+00
6.969025499287146097e+00
6.630027247893054643e+00
6.568307478104710384e+00
6.888792440866561506e+00
6.617440742727763947e+00
7.058284475757438337e+00
6.941538763503961817e+00
6.707757380069370612e+00
7.274448854662909802e+00
7.182389928702193060e+00
5.378424515784590021e+00
5.953054841510952322e+00
5.880738685141643884e+00
5.923806442983845955e+00
5.586937138677981807e+00
5.805230077922386656e+00
5.248498279583599491e+00
5.869166115111650761e+00
5.770061911345936601e+00
6.001757206418994350e+00
5.928419860655547602e+00
5.623037315130095415e+00
5.458048544248313760e+00
5.786122615577102835e+00
5.546175271569998344e+00
5.533754709191302190e+00
5.134851045035365047e+00
5.398116967413465694e+00
5.172987504101422829e+00
5.444214002847981071e+00
5.326419067957853137e+00
5.473139814225977062e+00
5.252308923778102212e+00
5.134221571054094824e+00
4.983489531406365636e+00
5.027282047546563604e+00
4.834460241341994369e+00
4.722159744514984325e+00
4.814611529841346993e+00
4.770569835150987537e+00
4.781840331205383876e+00
4.737882474666479382e+00
4.837396510220519197e+00
4.919969484903496948e+00
5.174491953646972675e+00
5.069040596742773630e+00
5.356067685509318999e+00
5.622909039202017567e+00
5.717220329688795566e+00
5.259158961335308469e+00
5.397639262132342353e+00
5.727738196826610562e+00
6.468536562008906365e+00
6.146961284620549471e+00
6.689127853247129885e+00
3.594396228103858615e+00
5.478342277827351836e+00
5.315884126800819232e+00
5.673473090115858319e+00
5.671320460635689287e+00
6.093115882515635739e+00
5.972871399716003005e+00
6.282098439453570826e+00
5.403004314029730359e+00
5.591194165411141448e+00
5.831076268606970814e+00
5.690869557674617774e+00
5.941177836010295366e+00
5.429293076989879729e+00
5.664380677485500115e+00
5.608452665943791438e+00
5.840132028981006584e+00
5.889846674514632063e+00
6.064364675978943353e+00
6.022035555129823692e+00
6.163702957881126210e+00
6.011812522893155375e+00
6.180223291359875581e+00
6.116651220011637413e+00
6.269135863358869187e+00
6.329693083314282376e+00
6.453144596130047539e+00
6.391004090657249392e+00
6.503387356913438389e+00
6.205632411612462818e+00
6.325048247334711604e+00
6.276692253893455309e+00
6.368477567338460155e+00
6.425772620083886721e+00
6.516011816290325775e+00
6.445153917450789471e+00
6.513358994278202196e+00
6.379665072080755728e+00
6.638122907863460043e+00
6.526967912461142163e+00
6.733605700732868904e+00
6.847905042207636406e+00
6.957762675576582012e+00
6.892686907904343130e+00
7.020779116941294085e+00
6.577145459466786193e+00
6.667529870331377673e+00
6.598518795649524371e+00
6.688441739655241136e+00
6.777703900188161157e+00
6.841498269396300458e+00
6.769483048373991174e+00
6.843852056186960020e+00
6.597087992796806688e+00
6.674996880457681137e+00
6.578248736776389549e+00
6.644534849040780067e+00
6.748581216823713369e+00
6.819767733280759359e+00
6.712333478199470349e+00
6.780855018120810485e+00
6.937358825056514355e+00
6.981878444990514687e+00
6.914004436364581174e+00
6.975143542788029727e+00
7.064352370306686169e+00
7.096457937340588273e+00
7.035168340565769896e+00
7.084058563113678098e+00
6.886587233035569966e+00
6.949093404476545111e+00
6.847649334849609914e+00
6.911254687045125245e+00
7.006707390860698936e+00
7.058583605106433012e+00
6.970293739500220909e+00
7.024301331635555812e+00
6.189395496964977816e+00
6.173250455650542534e+00
6.306446347923856166e+00
6.288249172548337818e+00
6.125740911339689454e+00
6.088234372538994243e+00
6.250476578318751031e+00
6.199603915518531849e+00
6.448237204640386189e+00
6.431336346965051298e+00
6.621766200279699532e+00
6.607205358190954669e+00
6.396588404154295304e+00
6.339266706411509134e+00
6.572472882306279018e+00
6.507828822800698632e+00
5.980814916737337228e+00
5.899901978860794927e+00
6.101081165922311200e+00
5.974710717563586293e+00
5.711619299921907533e+00
5.600754274223124440e+00
5.784654685463938684e+00
5.596000809312877244e+00
6.230968507836639247e+00
6.065552346605389111e+00
6.376707150062509655e+00
6.161934261446111449e+00
5.832884557699392403e+00
5.575271663630062768e+00
5.864775777483562713e+00
5.559630292843359634e+00
6.834154079029358009e+00
6.822194455105706545e+00
7.094311995041119090e+00
7.084189181064531660e+00
6.784611169956301424e+00
6.707523217773260882e+00
7.040238345637649608e+00
6.957319947030025098e+00
7.423146543821405707e+00
7.401741024583673223e+00
7.622156011000190468e+00
7.615888665691254111e+00
7.825435834105258337e+00
7.813735831946622135e+00
7.592208769900454790e+00
7.574481722797988148e+00
7.791409615650569442e+00
7.763224802508594813e+00
7.315253779207552043e+00
7.157551502403275201e+00
7.078862960730043064e+00
7.289731365842655464e+00
7.208557869522526751e+00
7.515164808156819198e+00
7.492693823363512529e+00
7.714713533494334641e+00
7.668043118725092810e+00
7.448914742223904817e+00
7.348720577270657195e+00
7.595134388365377909e+00
7.480140133690433402e+00
6.540323150493732030e+00
6.268240694449382922e+00
6.747415586533584531e+00
6.435361110083564817e+00
5.913595030106165495e+00
5.673382236857062111e+00
6.073681521788699911e+00
5.924542257171204973e+00
5.813596719065789564e+00
6.028393428973241264e+00
5.898778576451936928e+00
6.935158594115439001e+00
6.844263631793919167e+00
7.081838345778725952e+00
6.950403502401785616e+00
6.644827318970282448e+00
6.527464162085452770e+00
6.778089981880641268e+00
6.619641823835881844e+00
7.213730563192273237e+00
7.062170619968854979e+00
7.334361880574115311e+00
7.169093482973798892e+00
6.889540794489263931e+00
6.716994891300961612e+00
6.989433974661879212e+00
6.808458709631880268e+00
6.309582442422219550e+00
6.218740266112364523e+00
6.443742688582547729e+00
6.314856996235388209e+00
6.108027234566170804e+00
5.990324778174252351e+00
6.192176855206472652e+00
6.086153969912628803e+00
6.546706785145353535e+00
6.402396805859439155e+00
6.635747596970047013e+00
6.485886693144442106e+00
6.278222268750345947e+00
6.187539371134611166e+00
6.366297091483427373e+00
6.291657014425160455e+00
5.413655642396483891e+00
5.156191111538346306e+00
5.342959998227875928e+00
5.047287352573119890e+00
4.911033734145432206e+00
4.760827168721368352e+00
4.828427500843770481e+00
4.795086982529555009e+00
5.265330093289191993e+00
4.968400851145383434e+00
5.231317593714029712e+00
5.025616609245668442e+00
4.869580566432516022e+00
4.995154643533989081e+00
5.191941561816499906e+00
5.389213770376478863e+00
4.786538793146972282e+00
4.992939945051753092e+00
4.959871015580151088e+00
5.248240846965598116e+00
5.284634800549035560e+00
5.572154277275904732e+00
5.558153247305836153e+00
5.824925158965217342e+00
5.258947389162131891e+00
5.569056985762167677e+00
5.648688335855201359e+00
5.903383714831665685e+00
5.856155679547415005e+00
6.083324781063988773e+00
6.110860599761251954e+00
6.131413760032063287e+00
6.200675155968743191e+00
6.210975036022646556e+00
6.318147258065638816e+00
5.397056513924529675e+00
5.372155861707219593e+00
5.667103663559348803e+00
5.628517337909737961e+00
5.794209611074760069e+00
5.758315592315673470e+00
5.609299340688616908e+00
5.662083277061749520e+00
5.772456577714154768e+00
5.844399624095763635e+00
5.440244451435168216e+00
5.508179115940707860e+00
5.593440731224289308e+00
5.699700532283380028e+00
5.613442830103542391e+00
5.694202037241605119e+00
5.794233387434338134e+00
5.888603422087223649e+00
5.778592454323733030e+00
5.870937864324110578e+00
5.942121239791260834e+00
6.035805570339801029e+00
5.961894760946953475e+00
6.055586351530479305e+00
6.129005249557802237e+00
6.221254051272648411e+00
5.908958017904750726e+00
5.890371362785604248e+00
6.027144597217446886e+00
6.029597712854703140e+00
5.927572861431920082e+00
6.008635041855247216e+00
6.085113525941128643e+00
6.175401299971877478e+00
6.150806815797390747e+00
6.174167836906070406e+00
6.275850686754620433e+00
6.319068851390292174e+00
6.245953346878436285e+00
6.345572491060489817e+00
6.406072545541890761e+00
6.514403373732958080e+00
6.106838253075764555e+00
6.205018777732838053e+00
6.278143915551622989e+00
6.379284790110028247e+00
6.300007164801928461e+00
6.388745584916127207e+00
6.472768745455618422e+00
6.554874810601463153e+00
6.452527496890549052e+00
6.553505122704777364e+00
6.623777181399558955e+00
6.721339909884457953e+00
6.641821548902941075e+00
6.714282571936059263e+00
6.801182142316770651e+00
6.861564135061017033e+00
5.815319758823978447e+00
5.898491923042080032e+00
5.987385750597669976e+00
6.080079860269647085e+00
6.015436813286128448e+00
6.091329974401912928e+00
6.171098532153563632e+00
6.252941108633005562e+00
6.148402519152466716e+00
6.236034526021764002e+00
6.308412948686298094e+00
6.387514944275113571e+00
6.317128100394753254e+00
6.391488554678587342e+00
6.457685475712067635e+00
6.520070414186962537e+00
6.191492236990938203e+00
6.263288578337974144e+00
6.333035825875749758e+00
6.409626729058226502e+00
6.360121279752746659e+00
6.445664236261072766e+00
6.487699786796381929e+00
6.563999687272644046e+00
6.461545029741114554e+00
6.529676093895046662e+00
6.577393532734925330e+00
6.633277107888472912e+00
6.598091919378216375e+00
6.668071850310052007e+00
6.691395926902768743e+00
6.754996125299062015e+00
6.467857751144403977e+00
6.535476990037171419e+00
6.623163217099504507e+00
6.676625633887146805e+00
6.591589650311966864e+00
6.638111900331098880e+00
6.715724151794955077e+00
6.742785439185226437e+00
6.769502146819466937e+00
6.807031038173856352e+00
6.902437653120611749e+00
6.923672178980510239e+00
6.827143302440582318e+00
6.831767029932746205e+00
6.924465667947823810e+00
6.904881257615692824e+00
6.678796272946351920e+00
6.718896165109379481e+00
6.762622429610919639e+00
6.782612314347710836e+00
6.764211767925505825e+00
6.819802949501346134e+00
6.811434255430302898e+00
6.856690377579729656e+00
6.826353327877691335e+00
6.820950201059476470e+00
6.869843690434124461e+00
6.832603785235037641e+00
6.828567625949752085e+00
6.860925658409062322e+00
6.813101928734798030e+00
6.830179152853704139e+00
8.020111576278004861e+00
8.004272900341064201e+00
8.211692116829892640e+00
8.191103842634285925e+00
7.979222639387591798e+00
7.943504461228455327e+00
8.160137714162384981e+00
8.115139887085287995e+00
8.391549618579087877e+00
8.365169052268855765e+00
8.541698099009490619e+00
8.509380779742739875e+00
8.325829028409780008e+00
8.268863956444015173e+00
8.460638304060969617e+00
8.390369543907851835e+00
7.890880344842594596e+00
7.824347570614792247e+00
8.051133315308167226e+00
7.965615764796451614e+00
7.730159781356209514e+00
7.600864795911518534e+00
7.851640925297227902e+00
7.706618613762395320e+00
8.189523261306172586e+00
8.084701814429942957e+00
8.294493034406677623e+00
8.171346556401504202e+00
7.951602769128822246e+00
7.790893334800032655e+00
8.021437904756030690e+00
7.847760608405688565e+00
8.639870949226663654e+00
8.603124880910330674e+00
8.666417568895358414e+00
8.628070430229620058e+00
8.546257157130787263e+00
8.464057437646735238e+00
8.566674094611920864e+00
8.476866488995762339e+00
8.611010459472321799e+00
8.573831597561737183e+00
8.474560407180655730e+00
8.439976008595216683e+00
8.512669158669302405e+00
8.421506678461105011e+00
8.383550764939862177e+00
8.297693658939701677e+00
8.353654858844587139e+00
8.215786103441072186e+00
8.357035340192789263e+00
8.210593524349967254e+00
8.053979411688242607e+00
7.872877403685705211e+00
8.043986520076769509e+00
7.863099498677780907e+00
8.299244559232690222e+00
8.151646299347619973e+00
8.180220865827953602e+00
8.038367013615888013e+00
7.988151437071493888e+00
7.815962106416782795e+00
7.885002937384566479e+00
7.729735165363698535e+00
7.443050525457813649e+00
7.265882268797204446e+00
7.535787615478679591e+00
7.347506550910253509e+00
7.077733235013875301e+00
6.889971175581066198e+00
7.151106078903946894e+00
6.957612832411310677e+00
7.607759994812000492e+00
7.409919175275743619e+00
7.655462588249673850e+00
7.451190389171067352e+00
7.206543397305035903e+00
7.008429659066176320e+00
7.243245969438163456e+00
7.042067108724061164e+00
6.714052968001578137e+00
6.563418435210405022e+00
6.779157395447491297e+00
6.629721968207130445e+00
6.450919198103519214e+00
6.391606654397022247e+00
6.524709068542781765e+00
6.479707077388761505e+00
6.828059779103030635e+00
6.680158864831807541e+00
6.860407958030634745e+00
6.713665230596770783e+00
6.581785523811298333e+00
6.549909622460384107e+00
6.620274909524264118e+00
6.599815977208340456e+00
7.677030016848526373e+00
7.471351437137362161e+00
7.671216948190664908e+00
7.470830682107295395e+00
7.262767340556901097e+00
7.061267027707488708e+00
7.267284568009944046e+00
7.070319436682510172e+00
7.636381423163506987e+00
7.448553238423699874e+00
7.570886024987672158e+00
7.401957143323195432e+00
7.256539416380848095e+00
7.071163612077063121e+00
7.225904376417925157e+00
7.058567473975609907e+00
6.879912550105262703e+00
6.734598102890260840e+00
6.893450351737905990e+00
6.752840972136190167e+00
6.644441304118990921e+00
6.632612373556636243e+00
6.666081146553105796e+00
6.658565212081382079e+00
6.907087378907006858e+00
6.780585519142441342e+00
6.919476650798364048e+00
6.824363153172815721e+00
6.703309992035697107e+00
6.694561541295350082e+00
6.771153990040342130e+00
6.755542353166162250e+00
8.265886558229478709e+00
8.233847541097746969e+00
7.997884504718133059e+00
7.967756902603517766e+00
8.185777464642338686e+00
8.111246806894765626e+00
7.930838520734059927e+00
7.872638248035704223e+00
7.688307074664013641e+00
7.659603290208151449e+00
7.368039155102641402e+00
7.338949810821194575e+00
7.634914390850876309e+00
7.596530455301718554e+00
7.321170857738650284e+00
7.301982677178975756e+00
8.004685345073831115e+00
7.873277634670580838e+00
7.781706143749335780e+00
7.662395070625118265e+00
7.734144095887587333e+00
7.602977562548331569e+00
7.535663032664467131e+00
7.432486338961217243e+00
7.526059346757270063e+00
7.420151826202424417e+00
7.260008177732474088e+00
7.177668825334187375e+00
7.296464519718862007e+00
7.216937466203138030e+00
7.050622683227805609e+00
6.984034684402468329e+00
7.092385804016504203e+00
7.055686631604126902e+00
6.926035949278384507e+00
6.878336291270612080e+00
7.024930175281060230e+00
7.013910965890844729e+00
6.804279330677886151e+00
6.770834973118703637e+00
6.875317089538276250e+00
6.845050631874707747e+00
6.889984183567345433e+00
6.747619569975786824e+00
6.596015713182407758e+00
7.014618383384458866e+00
6.980901798161883498e+00
6.833361575529057319e+00
6.865897695427930714e+00
6.867018804539756438e+00
6.786509934473222927e+00
6.851065593730468528e+00
6.706439907936271538e+00
7.474345341006475074e+00
7.330607278598771259e+00
7.346239314320434310e+00
7.239347826862194246e+00
7.170736821368660863e+00
7.021045929293123322e+00
7.098146441602875889e+00
6.960710621642864027e+00
7.183951740735068370e+00
7.127261770043818778e+00
7.017791689180700843e+00
6.983524680028504683e+00
7.029816013397182317e+00
6.911486615989405280e+00
7.029722062430583840e+00
6.956548266657831547e+00
6.917467651103160975e+00
6.877264569049325260e+00
6.888847463399426552e+00
6.925599784161176942e+00
6.862386885019467364e+00
6.824532245102416184e+00
6.941252103054927680e+00
6.835073730811116910e+00
6.852539985772307496e+00
6.934779594803587521e+00
7.017768898366819386e+00
6.951641545005387002e+00
6.395460079758729321e+00
6.458012755900841562e+00
6.502708348063229060e+00
6.585159049588663827e+00
6.559968818464270157e+00
6.676258287719219808e+00
6.702593485967323517e+00
6.826140337445343320e+00
6.592308615109368830e+00
6.696279647655971168e+00
6.662204854286494893e+00
6.789822412047545441e+00
6.830038721858521455e+00
6.959547555851187894e+00
6.939643954381158331e+00
7.071653763068485254e+00
6.785946718527552157e+00
6.877008930125574793e+00
6.933807612381048813e+00
7.015265963223094481e+00
6.945523435945466950e+00
6.992137311906203578e+00
7.070074252614628740e+00
7.102201819802897553e+00
7.061789847966733369e+00
7.129751629728034779e+00
7.162272408901985798e+00
7.210176170621178215e+00
7.168849171114724861e+00
7.187306041154776892e+00
7.230826778915427688e+00
7.238564419093963309e+00
6.715262100569452386e+00
6.868136265922699657e+00
6.760472716816957828e+00
6.938242473213892758e+00
7.029826887960369142e+00
7.156976322152909020e+00
7.099040606013041099e+00
7.209935631672425238e+00
6.811574177510195227e+00
7.009353872293369037e+00
6.878979768818733298e+00
7.081399631637390613e+00
7.142582766020652230e+00
7.222816773873494078e+00
7.151564719795470815e+00
7.182166527779458853e+00
7.226083694575685001e+00
7.243075566287574318e+00
7.249058030619836224e+00
7.226178377138412934e+00
7.239096364294708152e+00
7.238156075197429651e+00
7.192146681866030455e+00
7.174608291873501464e+00
7.238081031391089937e+00
7.186146583132240195e+00
7.191939816272682862e+00
7.166089257659183254e+00
7.136491872242367585e+00
7.098785225668500232e+00
7.136362153038157352e+00
7.098053339309966070e+00
7.018546495928413620e+00
7.024811384074589604e+00
7.115261002315303784e+00
7.109348836354240753e+00
7.008141071415228573e+00
6.964595165480300665e+00
7.079236093207289748e+00
7.014741080846021326e+00
7.189695731420780334e+00
7.175122076460681342e+00
7.236212050021261000e+00
7.217054096924638174e+00
7.136607057674678956e+00
7.056908730434724220e+00
7.174462178034532123e+00
7.086639679991731278e+00
6.896105145454495933e+00
6.819103517357214983e+00
6.910592142114314385e+00
6.784377168713700001e+00
6.764841343383634964e+00
6.765102747899408797e+00
6.685338636897662390e+00
6.669377621609925200e+00
6.918391695802273311e+00
6.733341521955777509e+00
6.920613148247380053e+00
6.670918874901406781e+00
6.577652208290643010e+00
6.550858970056429698e+00
6.449522332669833879e+00
6.427451910812028935e+00
7.242674745635603095e+00
7.227152945191545719e+00
7.187840490467117149e+00
7.194529535970146661e+00
7.184913468616989540e+00
7.096539505088200528e+00
7.166844972432021343e+00
7.091723373171736178e+00
7.084999843231606143e+00
7.107383381131819888e+00
7.040905485486508297e+00
7.000273299380783243e+00
7.150526188679089401e+00
7.111368095300185210e+00
7.065145781583703766e+00
6.916723707279002653e+00
6.607060037290371390e+00
6.919438244884116962e+00
6.576809441301254111e+00
6.319175679569081439e+00
6.331334552797247106e+00
6.206695242441519156e+00
6.279579844143405865e+00
6.958799263774634092e+00
6.641301689782582507e+00
6.111860036084448389e+00
6.234699131640372372e+00
6.939689847366827813e+00
7.116481793417751334e+00
6.873139323894610797e+00
7.010253136651954264e+00
7.134090989315611253e+00
7.098180743777024126e+00
6.965743227403658366e+00
5.813473501738166682e+00
6.008525615784324536e+00
6.031991317564341593e+00
6.194159804276891279e+00
6.157751885130565483e+00
6.270984491304875341e+00
6.317583759871384430e+00
6.406430211394234853e+00
6.250573697879674206e+00
6.393735207076310267e+00
6.292711904359967967e+00
6.360164781909345422e+00
6.406221133548920754e+00
6.484130356501398573e+00
6.441303282884152104e+00
6.498668354697406890e+00
6.557116962896682999e+00
6.623678299926615942e+00
6.507248257615223075e+00
6.588293359455384746e+00
6.566295208386534021e+00
6.612370111670797357e+00
6.685620030635972988e+00
6.739803265895195850e+00
6.664874767292912061e+00
6.697174324065386486e+00
6.787320686824275029e+00
6.824552573211639661e+00
6.355702888231961722e+00
6.418256080446953504e+00
6.463812808897102080e+00
6.494685266909932864e+00
6.466255669637239301e+00
6.508453579931916089e+00
6.508351829952152556e+00
6.519186251706721613e+00
6.634723357202862992e+00
6.647435388088152486e+00
6.732290787567124291e+00
6.748676947527914471e+00
6.852907102327202793e+00
6.868766518279851852e+00
6.765340072547704864e+00
6.765501193219495946e+00
6.874418904601392377e+00
6.866929915210545410e+00
6.635853187579442647e+00
6.649279258966824813e+00
6.766144142890968105e+00
6.753065121213053246e+00
6.850243249855990868e+00
6.823087328966138898e+00
6.747506793904628708e+00
6.726385944013649976e+00
6.792077279017217251e+00
6.757582239923289436e+00
6.525876950060079729e+00
6.602271827396283932e+00
6.639640804942028574e+00
6.715503626099732948e+00
6.675467211613526963e+00
6.745042006554450076e+00
6.791042527484823843e+00
6.864739711189399074e+00
6.741345043979753981e+00
6.818342171438679600e+00
6.826255571327860316e+00
6.905267713521842765e+00
6.897799054889964587e+00
6.977233981580395650e+00
6.989983791760614906e+00
7.076782497599542587e+00
6.809663715880448720e+00
6.867600964990868917e+00
6.934314610864984019e+00
6.997246610903474107e+00
6.917078272990879739e+00
6.956091902309771591e+00
7.050946401065152358e+00
7.092987365200642103e+00
7.053421655071577590e+00
7.122907026749384585e+00
7.161203236861206634e+00
7.238666476414945095e+00
7.182367332732247256e+00
7.228878193048029033e+00
7.305034140562611356e+00
7.356956094271451363e+00
6.888554731205418058e+00
6.970246832469204179e+00
6.922434742651928374e+00
7.007902299728573148e+00
7.061690163315762270e+00
7.157624852455807485e+00
7.108010605255313585e+00
7.215032461706301525e+00
6.923864293470091802e+00
7.015263437524071222e+00
6.892268464826290852e+00
6.993654347824823425e+00
7.126612961885211206e+00
7.246465241170451321e+00
7.119250779223050607e+00
7.252164954859884105e+00
7.251881588397374401e+00
7.338450908602361267e+00
7.320486540727975999e+00
7.416634472102250797e+00
7.412272799549925573e+00
7.469686333944044243e+00
7.497469817212089715e+00
7.559254931851364212e+00
7.363520041542783723e+00
7.468324078587259329e+00
7.378627508134025348e+00
7.488508231761971778e+00
7.554170061910252976e+00
7.617738954996602807e+00
7.575083150952431232e+00
7.636344066866038283e+00
6.983194027926882264e+00
6.996646086102421336e+00
7.121253555598427099e+00
7.133874148517453939e+00
6.995776588513435534e+00
6.979731453397163499e+00
7.129413173034490292e+00
7.106784993553181273e+00
7.260012644271469640e+00
7.273761535062314820e+00
7.391954547698801115e+00
7.408220789557377728e+00
7.268392913373282305e+00
7.242315491664562010e+00
7.404182113184122116e+00
7.378009976577295070e+00
6.949526255985917444e+00
6.906729577827555921e+00
7.065902264755800744e+00
7.008130622020844136e+00
6.855791424379568788e+00
6.801933741111851006e+00
6.937454768630575863e+00
6.860581299516058884e+00
7.194349563401521763e+00
7.124532500055047457e+00
7.327466983676941936e+00
7.250601470716786956e+00
7.035633309534413904e+00
6.934520760825230390e+00
7.147700148526494601e+00
7.024046283078204667e+00
7.508488113895247729e+00
7.527558247058294683e+00
7.600490483717128321e+00
7.621287223381146170e+00
7.526099067017451461e+00
7.502652772138382886e+00
7.622291169062015648e+00
7.603213381593612041e+00
7.658824862782284804e+00
7.679192304291738047e+00
7.674224046860696369e+00
7.692088052010250365e+00
7.681362605946657318e+00
7.666975459254127934e+00
7.693971210182162679e+00
7.683902343403551605e+00
7.454317788987965265e+00
7.376950031814875963e+00
7.561221886728758612e+00
7.490286427018528315e+00
7.267213774429736262e+00
7.126570940259044917e+00
7.382947163924456824e+00
7.234957220717789461e+00
7.634173411094683281e+00
7.575627976921852635e+00
7.662003466765469284e+00
7.620111975400093662e+00
7.479975207673156490e+00
7.336899155657054195e+00
7.543189210534442246e+00
7.416513533956123894e+00
6.554725056892544366e+00
6.607681195964065779e+00
6.599573213308894459e+00
6.637870091948119722e+00
6.668689986852994522e+00
6.734879079633972587e+00
6.687106787921864637e+00
6.745779320465633333e+00
6.725397795484127528e+00
6.723034391518244668e+00
6.719228378639670041e+00
6.719826897437227942e+00
6.745254785807039966e+00
6.753513367517993693e+00
6.728723604673790604e+00
6.740230190665942089e+00
6.712995133663149261e+00
6.710125375135501891e+00
6.728019721626352201e+00
6.708567352852698562e+00
6.712366576635858451e+00
6.719882757748250057e+00
6.698551593852117847e+00
6.697801661801196182e+00
6.784545223580957796e+00
6.798223791942771932e+00
6.758852811781813408e+00
6.778311071293636303e+00
6.833748399510050753e+00
6.851111413490364122e+00
6.803725962491002477e+00
6.828361640036908042e+00
6.733399730635171387e+00
6.751623553619967133e+00
6.705638691680648300e+00
6.720740324865838389e+00
6.774401775253851454e+00
6.799881261195482196e+00
6.741720466665978684e+00
6.767003271919942442e+00
6.802304557774651705e+00
6.867872028515795257e+00
6.808764353658773416e+00
6.871840943184777117e+00
6.929479533081360998e+00
6.986131241478357623e+00
6.932135247139119549e+00
6.987923224329496641e+00
6.888094565317176787e+00
6.907554439716520278e+00
6.857398745153346020e+00
6.884462020365496038e+00
6.943752614931307576e+00
6.963889109872403615e+00
6.914493814464869992e+00
6.941862534501082038e+00
6.827964345370323151e+00
6.856956818497971895e+00
6.795392415192477387e+00
6.825647373013405961e+00
6.886991574065795874e+00
6.916686327911693688e+00
6.856971842003184214e+00
6.888503503961089791e+00
6.997867084892336997e+00
7.017556482140959950e+00
6.971043548253437194e+00
6.997249001205792851e+00
7.048509448865567073e+00
7.066944146747931477e+00
7.024407111891397548e+00
7.048521250443514852e+00
6.946335114042690329e+00
6.974862992800336947e+00
6.919772355055182622e+00
6.950219277387088113e+00
7.002654150130005029e+00
7.028891203750556649e+00
6.979612309465329290e+00
7.007617581753487812e+00
6.752361856525071815e+00
6.713116612360314761e+00
6.786378840858661832e+00
6.723511489880603875e+00
6.687137167446199015e+00
6.674955076945793486e+00
6.677791354679246894e+00
6.651118743733704264e+00
6.832148323030246218e+00
6.740987945910214663e+00
6.891669064624130314e+00
6.767486616044995351e+00
6.670866988773919815e+00
6.626069515051991488e+00
6.667339334439479792e+00
6.599857019713853745e+00
6.675359821445128183e+00
6.686240206208997172e+00
6.642152421748175328e+00
6.647837610510717532e+00
6.705278393704444895e+00
6.730297093920475149e+00
6.664718389437279455e+00
6.689652468834514920e+00
6.605512024395248538e+00
6.605016506304894008e+00
6.565015280797069863e+00
6.557286288682779407e+00
6.619607269782986414e+00
6.644806389328421048e+00
6.569591842964083384e+00
6.595610035165838880e+00
6.965594741969008297e+00
6.804852256232652330e+00
7.051727513374925316e+00
6.853981245758631324e+00
6.668415761214459003e+00
6.572611665640954115e+00
6.675117743202055642e+00
6.544261875320763089e+00
7.143509796484365459e+00
6.913811300532148429e+00
7.229353431955386711e+00
6.980315189455435387e+00
6.687833491707436906e+00
6.514208995802682978e+00
6.705868579881378189e+00
6.480958084500072047e+00
6.520208754294368525e+00
6.504154486492226717e+00
6.470433979993902796e+00
6.445074649025649194e+00
6.514406949894639531e+00
6.542078756578050047e+00
6.453902033320840559e+00
6.484453960908309611e+00
6.414649268191641163e+00
6.379451627676167469e+00
6.351295905979741363e+00
6.306774607092019203e+00
6.388147137692091526e+00
6.423334174777354022e+00
6.317658684808765024e+00
6.359890866464783521e+00
6.759463753477552572e+00
6.791251423140471921e+00
6.720055895864151196e+00
6.753890907192709570e+00
6.824472290298169597e+00
6.858161156831471317e+00
6.789587992208073075e+00
6.825943617740835023e+00
6.677038094760114895e+00
6.713585930180613559e+00
6.630449404068676778e+00
6.670531284704965813e+00
6.752422457885060680e+00
6.792043855117767315e+00
6.713277057161081807e+00
6.756833934833235134e+00
6.891603221559622128e+00
6.924230928358139359e+00
6.862055362704704287e+00
6.897255791954338910e+00
6.955659867979965050e+00
6.985595887372259227e+00
6.931077733169803246e+00
6.963203361701715721e+00
6.831348260800414351e+00
6.869547602744407122e+00
6.799883260431418996e+00
6.841512252128068461e+00
6.906104011384758046e+00
6.940670345287863086e+00
6.881122656462376419e+00
6.918352981257221757e+00
6.580545061230494319e+00
6.625158923032991254e+00
6.527861985574048731e+00
6.578199273500256794e+00
6.672696906728797117e+00
6.720918281120781046e+00
6.631519122833942070e+00
6.685170930619875662e+00
6.473341632288650338e+00
6.530786725626723133e+00
6.418514949203042441e+00
6.484613263123009119e+00
6.590957164273948621e+00
6.650798141071921243e+00
6.552721183175555630e+00
6.619423965723314929e+00
6.768278245622338041e+00
6.813746718215427656e+00
6.737389704405899238e+00
6.787050192601677523e+00
6.856683698660763326e+00
6.896736463538323925e+00
6.833503051127040706e+00
6.876441792884271820e+00
6.708353741839393258e+00
6.762446200096572824e+00
6.682639178958174497e+00
6.741206797076470636e+00
6.812468564034130480e+00
6.858215388787681555e+00
6.794639678525996374e+00
6.842911030096120228e+00
6.831963590541075604e+00
6.950457241095299388e+00
6.753461467316894229e+00
6.900271120626889854e+00
7.092703537772047540e+00
7.234378920265699620e+00
7.058442971150773459e+00
7.194557451919556534e+00
6.675145278522816916e+00
6.863829784736463324e+00
6.626007216554685719e+00
6.860593764380720216e+00
7.029965293191788867e+00
7.129275493030107214e+00
7.017380117444207421e+00
7.030420767983702746e+00
7.362409682172238234e+00
7.469550662749425030e+00
7.305982593441947337e+00
7.397452991384097842e+00
7.549907372055287169e+00
7.603946849930989238e+00
7.463471120834594963e+00
7.507498408855498795e+00
7.189898088845583679e+00
7.248897278248922937e+00
6.986292999604262199e+00
6.992226203013306218e+00
7.297992447686465489e+00
7.341323465229947054e+00
7.042029742222290167e+00
7.132803914605346129e+00
6.647513325207416557e+00
6.890324243727362408e+00
6.768198981194664121e+00
6.919506115191793150e+00
7.023665295819156995e+00
6.901468394107635795e+00
7.061131604081912982e+00
6.785229068525844731e+00
6.748953050325646075e+00
6.689799841628524923e+00
6.599838318706932938e+00
6.381550014139656390e+00
6.146566803758194197e+00
6.691336493272983077e+00
6.956749327276822825e+00
6.260795404175607537e+00
6.869177601288722457e+00
7.636907294268619140e+00
7.652499031814722130e+00
7.538631540660425401e+00
7.557016523276778308e+00
7.654258992329046940e+00
7.648606434050574165e+00
7.561997075773505550e+00
7.562344448981810352e+00
7.384370500158177641e+00
7.413847962665085944e+00
7.221364936349828234e+00
7.258841987703986476e+00
7.426603279815447323e+00
7.436381139905571480e+00
7.272160189826355037e+00
7.296367954081817153e+00
7.639056789329664809e+00
7.616817590338663457e+00
7.567179923087753224e+00
7.567247341505343172e+00
7.562170195463601807e+00
7.458578276000617180e+00
7.535309097681439638e+00
7.454122293066949290e+00
7.458967751354550479e+00
7.483383547210778808e+00
7.343682273125538451e+00
7.391687165442510477e+00
7.472397580131932671e+00
7.405163933444194768e+00
7.397429605192072266e+00
7.327481539742680461e+00
7.151214791146419003e+00
7.169456034692164970e+00
7.235181018434615474e+00
7.212942047532903800e+00
7.138483502550187154e+00
7.179425078486758593e+00
7.082661588355071203e+00
7.112466664310366227e+00
7.265697138910981678e+00
7.333554276846760089e+00
7.263312400687918391e+00
7.344586612505045409e+00
7.349902815879452156e+00
7.249841919304605753e+00
7.374059887145476111e+00
7.208989275776044536e+00
7.294093586507467641e+00
7.046025354006164143e+00
7.323506609045038473e+00
7.101009957092441205e+00
6.727154129185965559e+00
6.441778767134634265e+00
6.748400919726159408e+00
6.392635925634663430e+00
7.311192551131741268e+00
7.136240884818295882e+00
7.264707532982259686e+00
7.148871327594878977e+00
6.766017579867837028e+00
6.329036546103512073e+00
6.777758467577820412e+00
6.249461835405506704e+00
6.278340849138827728e+00
6.226978239777317903e+00
6.193705446681401661e+00
6.141020279942470239e+00
6.243772883726889766e+00
6.296169901768983834e+00
6.169079854482849790e+00
6.235428185274089152e+00
6.096130464059365650e+00
6.051148922360868099e+00
5.985661400843933500e+00
5.959685946052084127e+00
6.097580821207007951e+00
6.182340863146985832e+00
6.034351608640801778e+00
6.142760974976749111e+00
7.206283722842770523e+00
7.145961338439857258e+00
7.167788071074972400e+00
7.145287531304189699e+00
6.783056988383425967e+00
6.162642055290044496e+00
6.771098226567989542e+00
6.068823063654830818e+00
5.855564313343104565e+00
5.863247547818652095e+00
5.620940502512512538e+00
5.700195771577874382e+00
5.985766305156306366e+00
6.120633932658716247e+00
5.944209131271625424e+00
6.073774422427205444e+00
6.365753643551591345e+00
6.442136268235072016e+00
6.318583690752426207e+00
6.406835569766135663e+00
6.519173414625764273e+00
6.593188540638316830e+00
6.493491774169656949e+00
6.574810081943723183e+00
6.281991472116650321e+00
6.383385942076941433e+00
6.262481159447858658e+00
6.377152648605306950e+00
6.479653331441056707e+00
6.567380972432311559e+00
6.481626698883014903e+00
6.573217114649126280e+00
6.662098101854047272e+00
6.724862861698084338e+00
6.648965333906780018e+00
6.715146404733662422e+00
6.781229045356973906e+00
6.831461585525713254e+00
6.773502597631979150e+00
6.824748404409663571e+00
6.645631045372144996e+00
6.713697163675369950e+00
6.653794571233805577e+00
6.721146971877853815e+00
6.772463649801761854e+00
6.823301653238242004e+00
6.778035209464852606e+00
6.826504236328427844e+00
6.267164264610596724e+00
6.390579323389642852e+00
6.281439905603306784e+00
6.388486346764198132e+00
6.500441619243916946e+00
6.590039513843810148e+00
6.510490182754070432e+00
6.584313217513887651e+00
6.672632899488113445e+00
6.734918147651911546e+00
6.682057944735330324e+00
6.730412281639178929e+00
6.787640741699489055e+00
6.831171320236089528e+00
6.781568856145995028e+00
6.816371236504596531e+00
6.842797580075176356e+00
7.059807670017811176e+00
7.018575392056764173e+00
7.210256858423787385e+00
7.279411733804211693e+00
7.333421393893036822e+00
7.328746111492677073e+00
7.385082289851977677e+00
7.110622041329174081e+00
7.155494674966321078e+00
7.123311666913862972e+00
7.196116511454366815e+00
7.260034723456430861e+00
7.281397763557213132e+00
7.259450564211489265e+00
7.302139644816764807e+00
7.164011360912708071e+00
7.187323431440684196e+00
7.132984691379547826e+00
7.171273224445638306e+00
7.238648144478201374e+00
7.256908190624054455e+00
7.209907081954427532e+00
7.239660071570417799e+00
7.105863285442095112e+00
7.147642317326534211e+00
7.073353010410331265e+00
7.117663368398679857e+00
7.185435838282638876e+00
7.218201109434589924e+00
7.157581176815511093e+00
7.192707343637957607e+00
7.297289678006834812e+00
7.310397023940160999e+00
7.269781853700671093e+00
7.292608597496185396e+00
7.337924464169281791e+00
7.350141355088104511e+00
7.316589037436632026e+00
7.345114648040985017e+00
7.247503773082142331e+00
7.272594563121360878e+00
7.223533951998440727e+00
7.250654212364064932e+00
7.294947697916524199e+00
7.318736911142677215e+00
7.275775296064865394e+00
7.308445627076542550e+00
7.347150875679432147e+00
7.350317577717120798e+00
7.330552282303859357e+00
7.361412148433815972e+00
7.373473958261065775e+00
7.322350905768733931e+00
7.336393807432986414e+00
7.290329245177411543e+00
7.324433660884778874e+00
7.355284155254916634e+00
7.456841087390917444e+00
7.418892821928117165e+00
7.409928233916803997e+00
7.443752125386339458e+00
7.037621158314180114e+00
7.084439861237185276e+00
7.038282611897602514e+00
7.083201135499192169e+00
7.127176965363511307e+00
7.164977302276252402e+00
7.097334624693044880e+00
7.137098420661885712e+00
7.094447970346740462e+00
7.110959443374260225e+00
7.072973394223637023e+00
7.094434399319750284e+00
7.134728747199499566e+00
7.151514780351133638e+00
7.116243482110531815e+00
7.141555291530096383e+00
7.053973602761090866e+00
7.077173887367306016e+00
7.034151104855209446e+00
7.058967176133815968e+00
7.098789785282254350e+00
7.121197398149385016e+00
7.082265176363211623e+00
7.109130905158512093e+00
7.098707106524629218e+00
7.109985575215040932e+00
7.066452704751821301e+00
7.079912643953691465e+00
7.197542861938062586e+00
7.225532433536059784e+00
7.171334971040163708e+00
7.200967651071445985e+00
7.249395976238587558e+00
7.273513244241982534e+00
7.227582466429412378e+00
7.259838824553974668e+00
7.144766940349966511e+00
7.175146676324872352e+00
7.117003012800504180e+00
7.149327584313720507e+00
7.201603957834379344e+00
7.229197009218212067e+00
7.178319780495131752e+00
7.212858980984876212e+00
7.013846864195348196e+00
7.040140421922501446e+00
6.993420656898093668e+00
7.021501817405355617e+00
7.064139297675209761e+00
7.088294561115390024e+00
7.047345789886720446e+00
7.075482748837718106e+00
6.973018861461100393e+00
7.002870738444507026e+00
6.952991880089837373e+00
6.984810643346538228e+00
7.029772777088033386e+00
7.056003937554654826e+00
7.013556767770255718e+00
7.043193002287292614e+00
7.033735513735279277e+00
7.049672299935934028e+00
7.002779324905769265e+00
7.021251482103196828e+00
6.933728037784765874e+00
6.967445125114549498e+00
6.915765378269616903e+00
6.951352305946185695e+00
6.997445447480011183e+00
7.026026690785499795e+00
6.982931255597892850e+00
7.014026316289129426e+00
6.899709755698693492e+00
6.936939584820314586e+00
6.886232246309513805e+00
6.924751380851942528e+00
6.969623925943590592e+00
7.000298848401246055e+00
6.958336792930849057e+00
6.990219932677070425e+00
6.975344145906144711e+00
6.996041511497942622e+00
6.953251210019581130e+00
6.975148250133448968e+00
7.089138152995663411e+00
7.122932024459617928e+00
7.062924836519672844e+00
7.098387879315279037e+00
7.151740804035206622e+00
7.180895884226822012e+00
7.128873944034572752e+00
7.162982165702333148e+00
7.039219599702096097e+00
7.075507310542066719e+00
7.018706845505111147e+00
7.055390838932291686e+00
7.105460829749548068e+00
7.134318691143599622e+00
7.085953172515181642e+00
7.118247464554581683e+00
7.240994074117285351e+00
7.261807754075690013e+00
7.200293877374411622e+00
7.237789924030590072e+00
7.266494010731745057e+00
7.152267319683851099e+00
7.190139982285742803e+00
7.106861047959136535e+00
7.153438486968551224e+00
7.221466660408029981e+00
6.876051701613858924e+00
6.915356659255820659e+00
6.869769819009675871e+00
6.909101896948134147e+00
6.949392457528320577e+00
6.981044436673366604e+00
6.942870693401234305e+00
6.974040832555616021e+00
6.867719470423454098e+00
6.906255265273376409e+00
6.869334391240145443e+00
6.906005564252723161e+00
6.939330881589044431e+00
6.969951887939751067e+00
6.937566883820633024e+00
6.966240122425138459e+00
6.938113677085859798e+00
6.959127130607762446e+00
6.930523891698054051e+00
6.947903412522199673e+00
6.872706601795489867e+00
6.906320196661470234e+00
6.862585945895316009e+00
6.890250100299271985e+00
6.936896164981490642e+00
6.964966657693840268e+00
6.922531895217018061e+00
6.951318247900635683e+00
6.918249193832887833e+00
6.926004154425995374e+00
7.001025167234244506e+00
7.036722506639009111e+00
6.985264042282510744e+00
7.016674320329635783e+00
7.067347904538239689e+00
7.093943237800715451e+00
7.047843622749359938e+00
7.080071246993727918e+00
6.958143658198155279e+00
6.979289598422027119e+00
6.999451735048979550e+00
7.039218071988207370e+00
7.054834929409789623e+00
7.092160509895455434e+00
7.011289060990207211e+00
7.065507310912656713e+00
7.111735250370923467e+00
7.302490098627823834e+00
7.417904792564512739e+00
