8.521128345015533512e+00
8.267749294077344047e+00
7.981184687645886733e+00
7.080233912965324450e+00
8.179677490660793637e+00
7.952123078661469613e+00
6.522116167324649716e+00
5.922217502042341764e+00
8.060506810502213071e+00
7.149305063994093601e+00
7.952931340614097344e+00
7.059203408117899592e+00
6.976593651513266714e+00
6.905085064821681939e+00
6.992051451020844688e+00
6.952814265543264760e+00
6.990604310532495091e+00
6.957440124323971631e+00
6.929823840724405493e+00
6.954883632318480835e+00
6.919418864301097649e+00
6.860343290825451135e+00
6.786663206530866077e+00
6.876695997993713227e+00
6.837611689326401176e+00
6.873208819122515578e+00
6.817364036120212134e+00
6.746325662703495318e+00
6.676025962938495262e+00
6.733708400571887687e+00
6.611715561366954930e+00
7.888527044320180259e+00
7.027268058713384669e+00
7.859593050463608677e+00
7.027847865976504238e+00
6.973200652337960825e+00
6.947314477482258610e+00
6.934854085016734615e+00
6.914116802107752591e+00
6.934311773948167001e+00
6.908618613327053737e+00
6.939738927927984413e+00
6.929827582228391236e+00
6.903964373022554391e+00
6.926388819607327996e+00
6.899683778805286494e+00
6.956966693695271431e+00
6.931184073384239142e+00
6.921852947363150932e+00
6.895155236622093398e+00
6.917706822951407375e+00
6.890701040155846613e+00
6.921814869401100800e+00
6.913224904632461865e+00
6.886321283401906079e+00
6.908964886485537527e+00
6.881984370745105828e+00
6.884330337202353434e+00
6.861604737819209987e+00
6.881821763021177318e+00
6.853864864595482054e+00
6.823628618622363362e+00
6.794467389731932094e+00
6.819949130712067209e+00
6.782559454367370400e+00
6.877467088289087371e+00
6.848240218082642272e+00
6.872785750460703724e+00
6.842921142555582037e+00
6.814333071224098148e+00
6.774652505815446091e+00
6.808451561936569085e+00
6.767653228149310252e+00
6.738250376247181705e+00
6.696443375570229506e+00
6.733616008473569003e+00
6.677224732844172728e+00
6.606993023646726471e+00
6.533801323744150125e+00
6.596496594644337463e+00
6.490876681144787774e+00
6.725760029085578573e+00
6.664722634847360716e+00
6.717718358670262901e+00
6.654350568027052937e+00
6.582007025181419557e+00
6.463080578704595069e+00
6.568437345732205834e+00
6.441078681307341292e+00
6.868012565065917840e+00
6.837712847250727144e+00
6.863297941537194191e+00
6.832627817435212414e+00
6.802668623607398324e+00
6.761006744277735514e+00
6.797016119564660563e+00
6.754452919902869112e+00
6.858694354186444464e+00
6.827702735337218165e+00
6.854207526378637283e+00
6.822968969768258951e+00
6.791469734519957946e+00
6.747830417724954621e+00
6.786177037964471026e+00
6.741431805984841930e+00
6.709981634202880407e+00
6.645083239715647849e+00
6.702469161718088486e+00
6.636413516140783564e+00
6.556594228586077655e+00
6.422961101470888501e+00
6.546197292053916428e+00
6.408145853557952520e+00
6.697691601161923636e+00
6.629297401870412720e+00
6.716278272569537577e+00
6.687371479689679710e+00
6.718383823641555175e+00
6.682676298813190918e+00
6.644463676767887073e+00
6.612617767714657369e+00
6.645145192457669658e+00
6.606756392614738793e+00
6.537328656212765488e+00
6.396024112698085240e+00
6.556753938880402366e+00
6.512212487894872837e+00
6.559572472758423700e+00
6.506254634696836625e+00
6.426873989995080194e+00
6.354766877958122784e+00
6.435032939368766414e+00
6.348748234379123723e+00
6.951601177985264002e+00
6.918075941701947507e+00
6.906953085568961370e+00
6.878324761925918907e+00
6.902162547715653851e+00
6.873978899653203634e+00
6.908752219362654046e+00
6.898241915584853778e+00
6.870139056509017905e+00
6.894294133121079859e+00
6.866453894837891703e+00
6.943820603990118911e+00
6.905538985298744770e+00
6.892871288160455023e+00
6.863935822316321378e+00
6.889761103634761241e+00
6.861378818494963561e+00
6.900545251130859370e+00
6.888247594718147404e+00
6.859754495789596618e+00
6.883535665083633681e+00
6.854625061109911321e+00
6.849906124090494153e+00
6.818278677599101556e+00
6.845562411059525232e+00
6.813701263442395906e+00
6.781030240766784623e+00
6.736455985237120636e+00
6.776192458212694447e+00
6.732139490213734589e+00
6.841518918705627783e+00
6.809415346783237233e+00
6.837839726561152354e+00
6.805565719570680017e+00
6.771732958884110865e+00
6.728308404605223281e+00
6.767759193361585268e+00
6.724924198517738816e+00
6.716544454957872112e+00
6.680566820548587081e+00
6.715228577092503315e+00
6.679469978088977911e+00
6.644297637711224169e+00
6.605468994593429954e+00
6.643867324773597538e+00
6.605632557603857258e+00
6.713672798854928736e+00
6.678550945949776718e+00
6.712288131962345084e+00
6.677700094175455625e+00
6.643625323464473098e+00
6.606224419018536409e+00
6.643476004774076848e+00
6.606990982001368806e+00
6.560412326950448403e+00
6.506934576339872045e+00
6.561851651070720770e+00
6.509771013630664349e+00
6.439689829565461210e+00
6.353733550714890654e+00
6.445258906003381583e+00
6.362499849408460584e+00
6.563703338881780702e+00
6.513421642724853022e+00
6.565798807571399109e+00
6.517490228675139718e+00
6.451711176188278607e+00
6.373022805727432960e+00
6.458775590674031619e+00
6.384601525765504881e+00
6.711097849106261393e+00
6.676987378026593589e+00
6.709640056408186837e+00
6.676162151070347051e+00
6.643403400096934419e+00
6.607843331813934462e+00
6.643314087896239784e+00
6.608700365639381680e+00
6.708727451349709270e+00
6.675551523648847407e+00
6.707229968498397810e+00
6.674707629906851736e+00
6.643258315959688964e+00
6.609519957957172842e+00
6.643109655930361512e+00
6.610239673933196336e+00
6.568018014120709402e+00
6.521763554814260289e+00
6.570246696721060431e+00
6.526059131788509049e+00
6.466172981882079007e+00
6.396763757129236616e+00
6.473627278285700726e+00
6.409076359621436403e+00
6.572391111483426585e+00
6.530220709260519563e+00
6.574373088304819923e+00
6.534121617944358640e+00
6.480890213389379539e+00
6.421144663750674830e+00
6.487753593375227723e+00
6.432626276514071151e+00
6.834863750176604746e+00
6.802340639026313696e+00
6.832429684101169798e+00
6.799827760849884939e+00
6.764414823493703821e+00
6.722057846423295402e+00
6.761839807332886032e+00
6.719847864354597355e+00
6.830669206606838628e+00
6.797975369422457170e+00
6.825610945275646380e+00
6.793015565649093368e+00
6.759986924931279617e+00
6.718449290386145911e+00
6.755379146032589155e+00
6.715878989147183731e+00
6.706539319097004181e+00
6.674150958780095344e+00
6.705112951059137849e+00
6.673325368521722645e+00
6.642984928843469916e+00
6.610859956784015168e+00
6.642752836551856888e+00
6.611346357103950133e+00
6.704636394003640198e+00
6.672851580651343539e+00
6.703477005443661874e+00
6.672181049847511147e+00
6.642578505033416292e+00
6.611741327502481447e+00
6.642359256915028709e+00
6.612050431752543922e+00
6.576146171044197963e+00
6.537669018791834041e+00
6.577677943247180359e+00
6.540801386028457287e+00
6.494054421506855412e+00
6.443241045383687471e+00
6.499676464885966176e+00
6.452777368013966175e+00
6.578972249357073920e+00
6.543493122877628743e+00
6.580048125336676712e+00
6.545749714838564159e+00
6.504551553401530128e+00
6.461094618826354719e+00
6.508655483632947991e+00
6.468116890981440825e+00
6.703315432499341142e+00
6.671947137645710235e+00
6.702784184546210611e+00
6.671811071705112006e+00
6.642301800934261813e+00
6.612368918081243940e+00
6.642448167173587770e+00
6.612826390564338297e+00
6.702979284544907657e+00
6.672237824194618305e+00
6.700625062905181117e+00
6.670117903629206424e+00
6.642969058615269873e+00
6.613511490734392595e+00
6.640951820432777986e+00
6.611485828076101967e+00
6.580968873911472450e+00
6.547613485888716056e+00
6.581871961202231169e+00
6.549206349143061878e+00
6.512003383581277838e+00
6.473818220197755657e+00
6.514688505750426017e+00
6.478249782385837818e+00
6.582821506090292374e+00
6.550573869739247712e+00
6.580787882926791177e+00
6.548567355846394378e+00
6.516729603042360708e+00
6.481389202714480824e+00
6.514835869702710447e+00
6.479780752554678003e+00
6.471311472858733538e+00
6.133064698223637201e+00
6.390752247914875284e+00
6.062913578117504088e+00
6.438566400049267280e+00
6.253616288342636054e+00
6.363306744005740256e+00
5.729406326306901498e+00
5.296630675167403268e+00
5.775713595764939257e+00
5.464602084620374001e+00
5.843734207616363641e+00
5.706274913537771276e+00
6.118481064145123050e+00
5.868363215605014283e+00
6.114408630169607228e+00
6.100877005969637779e+00
6.206250662728350243e+00
6.085109386968834855e+00
6.160459041409318992e+00
6.246419966756434405e+00
6.261259604989782623e+00
6.098722613288936500e+00
6.074322843807224537e+00
6.070481179837780239e+00
6.096994111605633648e+00
6.136172828940779311e+00
6.154181997717715902e+00
6.255014423653886269e+00
6.238255612040781273e+00
6.121857083000203481e+00
6.103933644169592831e+00
6.209880374871148412e+00
6.178692111428828682e+00
6.070255417998028591e+00
5.939105647402661781e+00
6.079016173352218111e+00
6.048267192352245303e+00
6.146225680856182372e+00
6.116916602064408792e+00
6.028385310286505039e+00
5.968276705599119047e+00
6.088737618361784065e+00
6.050532800589765614e+00
6.345373829187371584e+00
6.153823152250554429e+00
6.311728729353621503e+00
6.028094120736628980e+00
5.678217372253159922e+00
5.429028761457309393e+00
5.567247524830258421e+00
5.237260121352515618e+00
6.268531498576125571e+00
5.930253579566834077e+00
6.227806642420679495e+00
5.840175933559179633e+00
5.406236783276226809e+00
5.170171762081514188e+00
5.248723599028775944e+00
5.190134118425648424e+00
5.279684608949038349e+00
5.652350597507064478e+00
5.397703489945335775e+00
5.788287665794193515e+00
5.875886283958526413e+00
6.055643211758271249e+00
6.028779024115063834e+00
6.190793188818719983e+00
5.546849767133256393e+00
5.935553673290860921e+00
5.704488435795966872e+00
6.088375604249391948e+00
6.169310124997780420e+00
6.312402314853445162e+00
6.308034381404195479e+00
6.439857079098969095e+00
6.192983923855688744e+00
5.761720358992301172e+00
6.165652626361390887e+00
5.703373176004214784e+00
5.120571596428341365e+00
5.266263826143452675e+00
5.043947174474236128e+00
5.369247832432691325e+00
6.146234738580338863e+00
5.676291192594772106e+00
6.204772646984109130e+00
6.073099314447576447e+00
6.224514739897548665e+00
6.066092750127545230e+00
5.791098119870996541e+00
5.575027445767885226e+00
5.833813356654165005e+00
5.565891586188770113e+00
5.072732789203444170e+00
5.488812444669173729e+00
5.218083564556335929e+00
5.165528932111052463e+00
5.276347156650959214e+00
5.194196295933518392e+00
5.420731539687329459e+00
5.706801001967714448e+00
5.415878601287252181e+00
5.792676843472886361e+00
5.864130899009278863e+00
6.243661085434355940e+00
6.022857662972721293e+00
6.407002588737458204e+00
6.453188202601318757e+00
6.578255662068420051e+00
6.612795860845469775e+00
6.734737214559998186e+00
6.193529189777434496e+00
6.603053458051517666e+00
6.161000223910362728e+00
6.393724825365328712e+00
6.203826534596918130e+00
6.507306460929902059e+00
6.654562805104389689e+00
6.775164372430550586e+00
6.742215870230219288e+00
6.891756005508142380e+00
6.813725748733844512e+00
6.936158803325220390e+00
6.901658720284595816e+00
6.966150751970200616e+00
7.000805500185802721e+00
7.074790551546846551e+00
7.035422049745736039e+00
7.079348921089942515e+00
7.134577811911957390e+00
7.184442068581562424e+00
6.164388744608547022e+00
6.248824285148394608e+00
6.287155901138373082e+00
6.358955988966500605e+00
6.295157565684712075e+00
6.338989313107781243e+00
6.404511169897414646e+00
6.440698587342772896e+00
6.403912582113990837e+00
6.468203265081966968e+00
6.526382331584485996e+00
6.588078094262267648e+00
6.513835185394068361e+00
6.547558454550887141e+00
6.634197498891960088e+00
6.669302132245523040e+00
6.358886910055843167e+00
6.381305797715190131e+00
6.462827507312174369e+00
6.479309999339086801e+00
6.385412136689473606e+00
6.393809980747249710e+00
6.486019147932543305e+00
6.488531403868083913e+00
6.571129616639665549e+00
6.586803868427995035e+00
6.695358049718733717e+00
6.713362252162533572e+00
6.594951508062173673e+00
6.596791603529446490e+00
6.723837632294633160e+00
6.727330901201217017e+00
6.662158686210513103e+00
6.724494124643165094e+00
6.819296294346055554e+00
6.886218376272347896e+00
6.773794030083995388e+00
6.813541713613063600e+00
6.943078759034046143e+00
6.992117837419496773e+00
7.025249778912570520e+00
7.102059388256759753e+00
7.129730309070563266e+00
7.167107011616717038e+00
7.231161938309197623e+00
7.276173288241666981e+00
7.212803147476071430e+00
7.247838589725497549e+00
7.321712739883908583e+00
7.367166086080481513e+00
7.173118356802539175e+00
7.239097217410316532e+00
7.293066815657554436e+00
7.326335805383370037e+00
7.414224499025769965e+00
7.460399405866240841e+00
7.371340535908277758e+00
7.402089129949668056e+00
7.508220864348418289e+00
7.553459192498127805e+00
6.844889516444764510e+00
6.868058857353688929e+00
7.033291828667109336e+00
7.065818810300127595e+00
6.883096872213259942e+00
6.890262664552058602e+00
7.089054259010000969e+00
7.102920193494602685e+00
7.298344785412877123e+00
7.348680254479790896e+00
7.445478582906351228e+00
7.472606124000670036e+00
7.599935377684847282e+00
7.642017538757192696e+00
7.512550957523487227e+00
7.535142485006406154e+00
7.684847064589837906e+00
7.721848883188088486e+00
7.388444387046975592e+00
7.416975078899608498e+00
7.570100233814787138e+00
7.587674205604038491e+00
7.759255025393255956e+00
7.789980805937138264e+00
7.616722848005838209e+00
7.629240890608737224e+00
7.820981754552110310e+00
7.844988217444419654e+00
6.237331306232504424e+00
6.079616375411128537e+00
6.251932031032800374e+00
6.100727005177110307e+00
5.861723858106873131e+00
5.589246479551033708e+00
5.893056731171283147e+00
5.626419230426498608e+00
6.268663599683983456e+00
6.126019256367639443e+00
6.287039036084732579e+00
6.154215914730603032e+00
5.929631253845741412e+00
5.673009150648231191e+00
5.970925542367584882e+00
5.727680392964845879e+00
5.311921815739238717e+00
5.211329414336421273e+00
5.350157847759009933e+00
5.230667844751113904e+00
5.425493884519487331e+00
5.836267347405028616e+00
5.434322680873854061e+00
5.865806152459959399e+00
5.397074300270471525e+00
5.255830476928894157e+00
5.454829538429417646e+00
5.290109902242766005e+00
5.439681914050612299e+00
5.885222744293320041e+00
5.442726792230748956e+00
5.894499055651789554e+00
6.306441194269545747e+00
6.184342073072325086e+00
6.326222146441330629e+00
6.215413705388902699e+00
6.015865964180611591e+00
5.789293187213538694e+00
6.063098549983457097e+00
5.856258433282453879e+00
6.345757855118824509e+00
6.246441872059576461e+00
6.364481780110786246e+00
6.276480204451246436e+00
6.111108800292015530e+00
5.926491058606747409e+00
6.158326442622923835e+00
5.997528400506874746e+00
5.524150612005164440e+00
5.337127280517273142e+00
5.604539812773606577e+00
5.400127345766676079e+00
5.446814463007301654e+00
5.893384302974356004e+00
5.457303985943569025e+00
5.882635378930019421e+00
5.694223375763084682e+00
5.481036545640872504e+00
5.790173237539748996e+00
5.579494449357223829e+00
5.481246775968553919e+00
5.864987877696577812e+00
5.526207406296341773e+00
5.846113742078975939e+00
6.261429305177768967e+00
6.596035881350257313e+00
6.317913694948569692e+00
6.679560263697165823e+00
6.836399388516316122e+00
6.993638622557915241e+00
6.932205671915730782e+00
7.093144778282490570e+00
6.369187254303970924e+00
6.760809718056782991e+00
6.412915533756266662e+00
6.839070669500509680e+00
7.028856384094543941e+00
7.192087192357002223e+00
7.124857884388967832e+00
7.288806948382534401e+00
7.098491334274113385e+00
7.170873981382077211e+00
7.194370101696032194e+00
7.262393849636822551e+00
7.227503243482368944e+00
7.277066213618179624e+00
7.315490133827447394e+00
7.363732484427319314e+00
7.288052256328814593e+00
7.349595617455205065e+00
7.376758780064123222e+00
7.429177635300501237e+00
7.397839119767488647e+00
7.443941881847202069e+00
7.470667874712819234e+00
7.513400791157914149e+00
6.446816832374485884e+00
6.912338900541092457e+00
6.468594074273936734e+00
6.977841506048266140e+00
7.217652477250751097e+00
7.379797400534386043e+00
7.303526180372580612e+00
7.460005374712847193e+00
6.476248403219151406e+00
7.032235731983655924e+00
6.468596825696115715e+00
7.071901541864323626e+00
7.377529847588462530e+00
7.522995359830471962e+00
7.433663702137874196e+00
7.561513191373752107e+00
7.455916326712240583e+00
7.495855298202676487e+00
7.519499512548187603e+00
7.543024655479591445e+00
7.528103683963522919e+00
7.565719600753780583e+00
7.563083988219601927e+00
7.593398081717626980e+00
7.560511150209984876e+00
7.563557175339084004e+00
7.571947363421822175e+00
7.551037615821305060e+00
7.568395178154792902e+00
7.589109783241523743e+00
7.538139005174987695e+00
7.547416204804204831e+00
6.381909622849197383e+00
6.304678020623668999e+00
6.397658001248530901e+00
6.330328860966443649e+00
6.203240804399380082e+00
6.066737508730763118e+00
6.244518596022798462e+00
6.131574213334218371e+00
6.411454378525713871e+00
6.352904151453045323e+00
6.423130378891285908e+00
6.372056247689779518e+00
6.281102978633442468e+00
6.189846948359609691e+00
6.312261165827686149e+00
6.239914435375047752e+00
5.888339445058333510e+00
5.692233077940799468e+00
5.984109660496001126e+00
5.813125448678703400e+00
5.597982598741023885e+00
5.835273115991639337e+00
5.697692035521422227e+00
5.844766615944749333e+00
6.072928552032739624e+00
5.934037560589112026e+00
6.150932855671291222e+00
6.046357683104483627e+00
5.819603548674851190e+00
5.886804973170477240e+00
5.951326497742090105e+00
5.966845581237103069e+00
6.432594510695150092e+00
6.387578694188956518e+00
6.439838770849932281e+00
6.399378636447280222e+00
6.337548441705182611e+00
6.280734447403713894e+00
6.356732174534557522e+00
6.311757611256296308e+00
6.444780404873254653e+00
6.407288403242112906e+00
6.443774999808126402e+00
6.407448410166087349e+00
6.369527035569561235e+00
6.332511579942834423e+00
6.371823990680418603e+00
6.338580688769999583e+00
6.215390052593344095e+00
6.142726828665310279e+00
6.264762400883572724e+00
6.218240462463382912e+00
6.076974890337575985e+00
6.075646834006420249e+00
6.182150574304435153e+00
6.188965724707347071e+00
6.298111804264743263e+00
6.270235273919332109e+00
6.310591827322663327e+00
6.293036349211067026e+00
6.257683571495643804e+00
6.280609860399491318e+00
6.295280582433622207e+00
6.332382184400595193e+00
6.445986053754131362e+00
7.093500288480187876e+00
6.411197519255487087e+00
7.094859447923520079e+00
7.465605345149642247e+00
7.568695197086320547e+00
7.468243653607031796e+00
7.539963313675167811e+00
6.370602156216430778e+00
7.076098498118047253e+00
6.335665611356200877e+00
7.040627197860700903e+00
7.440085231343374517e+00
7.475423955322436420e+00
7.385949245193765833e+00
7.382200450547900417e+00
7.548213129947753508e+00
7.501218167679312820e+00
7.486720253417095350e+00
7.413309522370043148e+00
7.469288387655329764e+00
7.466494348562016548e+00
7.363015458598517249e+00
7.349658756301458595e+00
7.389471696052402727e+00
7.291105694106899016e+00
7.264700371716225291e+00
7.144615801264265542e+00
7.226175514243673881e+00
7.207405739333933248e+00
7.074370345302881447e+00
7.061682644132443620e+00
6.323632578341515043e+00
6.995084206973992025e+00
6.348252929121154686e+00
6.946423668023048670e+00
7.318185423565758185e+00
7.275333275757273732e+00
7.254019680730242392e+00
7.175163466801682155e+00
6.393081607119294851e+00
6.895299932628542905e+00
6.419872193254448689e+00
6.835890182565903750e+00
7.208729480510418952e+00
7.100438826707369699e+00
7.189578284485851789e+00
7.061034036735962971e+00
7.128343129901145936e+00
6.992655420915436792e+00
7.003378719193744217e+00
6.863249519302087265e+00
6.937655282895991427e+00
6.951517356057030916e+00
6.864842985690740029e+00
6.927432650448082541e+00
6.913512405562387997e+00
6.784055573650907611e+00
6.871334802235581130e+00
6.764019454929377062e+00
6.928990302514623778e+00
7.026503271626978631e+00
7.096332045253939569e+00
7.175277867927954745e+00
7.324637340395764085e+00
7.372857431177846088e+00
7.412305600967821206e+00
7.463708861971092290e+00
7.422758449101651834e+00
7.474769025758288166e+00
7.518872596826981614e+00
7.577982375799508397e+00
7.493223258699249989e+00
7.547999383211537960e+00
7.562729460895385003e+00
7.620732909626940277e+00
7.609015394480642236e+00
7.676158313675672140e+00
7.687866466199337445e+00
7.763636398846561981e+00
7.528789739533635839e+00
7.584166371891353897e+00
7.640629170187521524e+00
7.706042108395010359e+00
7.640562039310499820e+00
7.696653633797843952e+00
7.773252453572017551e+00
7.841029755327499018e+00
7.748702487659631544e+00
7.825493015194937563e+00
7.846848725849702610e+00
7.935766020934010179e+00
7.905069171236922543e+00
7.985780771627623231e+00
8.028256128830673077e+00
8.121978622934038938e+00
7.613946980307451540e+00
7.674519713967212553e+00
7.638922958075584191e+00
7.700882036134482078e+00
7.747459638305015162e+00
7.831704435053082669e+00
7.778627841682644650e+00
7.870197602735655273e+00
7.630177172909145433e+00
7.692077381079513998e+00
7.582676566676920693e+00
7.643326756736997574e+00
7.773125013505666203e+00
7.869949812194458438e+00
7.726110791773911579e+00
7.825556581117115051e+00
7.925329233726404965e+00
8.025708457198080126e+00
7.972527596578566467e+00
8.081688832480899976e+00
8.129728493574367221e+00
8.234078980447987917e+00
8.193241752952207690e+00
8.302722182373749149e+00
7.977815804559130974e+00
8.091085565032297922e+00
7.934693859949713435e+00
8.046033117762059206e+00
8.203830308233003521e+00
8.310598917674521857e+00
8.152455794088922403e+00
8.248191639080333815e+00
7.752284549634915756e+00
7.805792592109630945e+00
7.908294936577946466e+00
7.973768762928383325e+00
7.857456308912567522e+00
7.905538641599637373e+00
8.036622952827457311e+00
8.095823013566228354e+00
8.065974975322372842e+00
8.144053099598417944e+00
8.214597407119015315e+00
8.303958720838446439e+00
8.218668092118186053e+00
8.288664631609698574e+00
8.388246223894395115e+00
8.466043108349660784e+00
7.950837329596830649e+00
7.991677770281779836e+00
8.150968092001905418e+00
8.201365891612880432e+00
8.029304644617463182e+00
8.062122681971638727e+00
8.247022981718377110e+00
8.287526050092141716e+00
8.353250818717567583e+00
8.411825140040773974e+00
8.536382576121985366e+00
8.598691016988551539e+00
8.464129056000533780e+00
8.510006119795100687e+00
8.652757177895676222e+00
8.698634183870721515e+00
8.335582996680161116e+00
8.431480946475724991e+00
8.406178160947352040e+00
8.500567802334510148e+00
8.519616584169781959e+00
8.598516083718767078e+00
8.583922322648060543e+00
8.655332446718292161e+00
8.407223554498301610e+00
8.491234792623407301e+00
8.329885509582856784e+00
8.396783119572708287e+00
8.561775418938685434e+00
8.619313534845284508e+00
8.449998025396851631e+00
8.491837567898494754e+00
8.667375852991513696e+00
8.725940611268358182e+00
8.714777688711354386e+00
8.762771752664551883e+00
8.774346773996366977e+00
8.813006560213326068e+00
8.799984268663465059e+00
8.827090482504662106e+00
8.665196003740527786e+00
8.700889338949687968e+00
8.525166849233256627e+00
8.552135685515906971e+00
8.727270786810422010e+00
8.744574711575342718e+00
8.572991037675613768e+00
8.586367352106085704e+00
7.495683870751006062e+00
7.554662109214611121e+00
7.374201088981377161e+00
7.431890554193883780e+00
7.637918394876210826e+00
7.737004212804025727e+00
7.514458087508448791e+00
7.609500584245165733e+00
7.230602224895173791e+00
7.286852134737610065e+00
7.087433721462724989e+00
7.137209512122536736e+00
7.366499011763009364e+00
7.452374753800274476e+00
7.208355353392041032e+00
7.278927092927218290e+00
7.842278719734949277e+00
7.944881071763309599e+00
7.704514649943533300e+00
7.790861325712866048e+00
8.037489986372603923e+00
8.114974331661651163e+00
7.862940435403514172e+00
7.916944890069467000e+00
7.528724867014361166e+00
7.590236761945235777e+00
7.326698251088567204e+00
7.353152682995885314e+00
7.636723704221720865e+00
7.665596794380858725e+00
7.371985729425940548e+00
7.381918084122574442e+00
6.979364861198539494e+00
7.005406896414840823e+00
6.943876819158278479e+00
6.914332300653661889e+00
7.056976989843490422e+00
7.110017759191906705e+00
6.932682740411379108e+00
6.981415548998364251e+00
6.998794594186588114e+00
6.873276985758530522e+00
7.100747594345375724e+00
6.869530239970026209e+00
6.857328418661107428e+00
6.938891625541108610e+00
6.849020295422093341e+00
6.977549228019752192e+00
7.122845220432077795e+00
7.101047200679143856e+00
6.966991829271200309e+00
6.878399778114574481e+00
7.093286219235461765e+00
7.104759630106389778e+00
6.845640882250800807e+00
6.892062696583788117e+00
6.922166711632853797e+00
6.738239235865705723e+00
6.986502346148328435e+00
6.692664758218610288e+00
6.689330072107178005e+00
6.791981454832954235e+00
6.670818779032610557e+00
6.796537984529752663e+00
8.175840552812578821e+00
8.221991169885400907e+00
7.953595877731235220e+00
7.977808358704983505e+00
8.256849870392271029e+00
8.284405372141895540e+00
7.995094658722760705e+00
8.010523234952819038e+00
7.678366724889694517e+00
7.681987814508217660e+00
7.379632078074854107e+00
7.369015095211754129e+00
7.683435869865306245e+00
7.688342357411836581e+00
7.357722097804304973e+00
7.353223419604354660e+00
8.308855576411643185e+00
8.332716710074461020e+00
8.029449627470127027e+00
8.054886748745182956e+00
8.354726211942073988e+00
8.370685635211694731e+00
8.083631056008503180e+00
8.107571173792369024e+00
7.703077268365974284e+00
7.731696613967356413e+00
7.362188270590204198e+00
7.389563862571487007e+00
7.769723312401795923e+00
7.804811388934933980e+00
7.432673470397065607e+00
7.477203123439326582e+00
7.111345297239588525e+00
7.100052420284790777e+00
6.939470130802492420e+00
6.941132357914741924e+00
7.080350424975979884e+00
7.067809395572179909e+00
6.915690257201793756e+00
6.897348173554123107e+00
6.888282029754632774e+00
6.898116643253465519e+00
6.904586190616994301e+00
6.903106804583689637e+00
6.858578996345464418e+00
6.839367612721162892e+00
6.826397572075498132e+00
6.815122951468991275e+00
7.066740175212457231e+00
7.080365195777148735e+00
6.883125717719788206e+00
6.870849051422075249e+00
7.114368718252787716e+00
7.158328787136224669e+00
6.882636623745113091e+00
6.910742357490534893e+00
6.819042842149514172e+00
6.788865364612782116e+00
6.807201342767132957e+00
6.785666136640625012e+00
6.800217238016876387e+00
6.806432754237500937e+00
6.847013507864083692e+00
6.847816645221874943e+00
6.387665948996758658e+00
6.386916875749062861e+00
6.484138900703734443e+00
6.476939042464040064e+00
6.373609886385492196e+00
6.366748820616578541e+00
6.464859573364837075e+00
6.451251533568777674e+00
6.592863626443463687e+00
6.584273564137652635e+00
6.724561935718170957e+00
6.716400091621437696e+00
6.571740707975243012e+00
6.556298801655247033e+00
6.703864793078097684e+00
6.687956622353354419e+00
6.348841905049430245e+00
6.338651275790883055e+00
6.434703554724016783e+00
6.418039922871905389e+00
6.318870124667948396e+00
6.306581432388193242e+00
6.399913269029691598e+00
6.382377169655703675e+00
6.538798035646414597e+00
6.520168860139828659e+00
6.669749536605290352e+00
6.650204675299019819e+00
6.501120515430285351e+00
6.482376706865170313e+00
6.630320110896619212e+00
6.610988891573746251e+00
6.890196771047234492e+00
6.883842049616703207e+00
7.107999822519353472e+00
7.105378599318108002e+00
6.872348747406598513e+00
6.856887280356238179e+00
7.096402418473138241e+00
7.082437999429051168e+00
7.434602933932289659e+00
7.442347849747702249e+00
7.652079033674223929e+00
7.659799818230129453e+00
7.869291783336893609e+00
7.886644384860097112e+00
7.676548060867916412e+00
7.679839413669688142e+00
7.904354792357660031e+00
7.915321920622220730e+00
7.441537645256691036e+00
7.433523888574269378e+00
7.690808636783978969e+00
7.690034534369906360e+00
7.926671071288762249e+00
7.931544098981553326e+00
7.695591538930801612e+00
7.691137876192608580e+00
7.936799660039970838e+00
7.935930442849779887e+00
6.838635090876346467e+00
6.818715402956426530e+00
7.064793620504417504e+00
7.044760573661148051e+00
6.798308476252215016e+00
6.778598375771135665e+00
7.023765757650457964e+00
7.003392657861432724e+00
7.419630161893752351e+00
7.401317565153521905e+00
7.691732458100997150e+00
7.684143769894683729e+00
7.935510898774048805e+00
7.929517642564706037e+00
7.680457915119219159e+00
7.670576605333172537e+00
7.924216965580169081e+00
7.914205495750787911e+00
7.380418026245168406e+00
7.359149261850095769e+00
7.663678819832441924e+00
7.652654345523496104e+00
7.905361573868010083e+00
7.892970379449618434e+00
7.643982036978478334e+00
7.633064302672670109e+00
7.882381611502860430e+00
7.869493883049081262e+00
6.288665252973304476e+00
6.276904164370257000e+00
6.365682203658801441e+00
6.350304887348403149e+00
6.261929717620581037e+00
6.248207486623492457e+00
6.336336959165827842e+00
6.321555750297867426e+00
6.464973485753962912e+00
6.449073124672007218e+00
6.593213034448328180e+00
6.577455494868886809e+00
6.434883824200969826e+00
6.421258410476249345e+00
6.563854806387197982e+00
6.551752946112470610e+00
6.235094012834105470e+00
6.219234837259250526e+00
6.308853786290741894e+00
6.293426298646458861e+00
6.202227043325598821e+00
6.186695383549992044e+00
6.279169651528079044e+00
6.264594330658971089e+00
6.408744169250160105e+00
6.395437525853719052e+00
6.540773726440529678e+00
6.529871708381673301e+00
6.382535694487192046e+00
6.370679499908904475e+00
6.519423849514801361e+00
6.510736363397011672e+00
6.760758149196683497e+00
6.745542186556535924e+00
6.985219988162156390e+00
6.970376671046118133e+00
6.733157334020678952e+00
6.723067573621201554e+00
6.959199222791440320e+00
6.951106763653657872e+00
7.339752992056086001e+00
7.323836609332571079e+00
7.624140742763430012e+00
7.614316740485818968e+00
7.858989522681021356e+00
7.847165620536966202e+00
7.606295643117633176e+00
7.597974252922228722e+00
7.838009126847925501e+00
7.827973205321600680e+00
7.311855429883970636e+00
7.303068189769255980e+00
7.591307206589490875e+00
7.584251692115301147e+00
7.820494232062505269e+00
7.812019595210928813e+00
7.578676556403522113e+00
7.572218398124379135e+00
7.805692656775463867e+00
7.797915152013343842e+00
6.714493645498150087e+00
6.706507433558288156e+00
6.945004524466257045e+00
6.939835261637228747e+00
6.699253101941581079e+00
6.694378990562234399e+00
6.935657858880270865e+00
6.934401053932357506e+00
7.296085345672222999e+00
7.289729888843687000e+00
7.567081656024574166e+00
7.560516744883382323e+00
7.791791139591547122e+00
7.783749092201038167e+00
7.555244502790621652e+00
7.548285590152419289e+00
7.777004359019768387e+00
7.768193710953470443e+00
7.284086594261482972e+00
7.281063016002291555e+00
7.542890335733896556e+00
7.536025155850006207e+00
7.760627581459480950e+00
7.751378806640681240e+00
7.531245263358777642e+00
7.525416954657871749e+00
7.743506852402324725e+00
7.734490935082777519e+00
8.091666386084455098e+00
8.116373900636711269e+00
8.323156684377714498e+00
8.353657280123156781e+00
8.137912405114860803e+00
8.154710301611522993e+00
8.379445056694862615e+00
8.400319779550885713e+00
8.549572829379586736e+00
8.582959714576745114e+00
8.736632925769317382e+00
8.767254292720641828e+00
8.610512447637017175e+00
8.632528820995293728e+00
8.791209496445199889e+00
8.809350532621429863e+00
8.168474144870318199e+00
8.177626319010453670e+00
8.416751461015877567e+00
8.428556105998620041e+00
8.183902007557628977e+00
8.185772286003780707e+00
8.436232394366960818e+00
8.439613860291448333e+00
8.649474660135112458e+00
8.661699433014891980e+00
8.822651762554549748e+00
8.832053165423943142e+00
8.669649539321977016e+00
8.673579477310699559e+00
8.838373529507503434e+00
8.842159675259461338e+00
8.842589814648389890e+00
8.864039049952992855e+00
8.844880865584624274e+00
8.854454535362322076e+00
8.878610355395828435e+00
8.887873028332816006e+00
8.857416582028037055e+00
8.856014372673715940e+00
8.752923296056698277e+00
8.752889157476955617e+00
8.590707649283329417e+00
8.585352385970802302e+00
8.745968970629926176e+00
8.735000182027148341e+00
8.571269937582872700e+00
8.551988839054356362e+00
8.893609110282231001e+00
8.897544035052423084e+00
8.852980961156163175e+00
8.850976416629125154e+00
8.901050345661486674e+00
8.904939710844413270e+00
8.851970904025456832e+00
8.856960057065428771e+00
8.723937359343114650e+00
8.716676944575423747e+00
8.533351659837780545e+00
8.521125678331816999e+00
8.715826886721426803e+00
8.722411324470835225e+00
8.518576266488535609e+00
8.526339262398202834e+00
8.185043966404972338e+00
8.180321081041000753e+00
8.439247388727665111e+00
8.435029416479883579e+00
8.173532452431944151e+00
8.163497661194352162e+00
8.427623009580159419e+00
8.417081714198236142e+00
8.673801836677833776e+00
8.670431672841763415e+00
8.843684065411929751e+00
8.842900870627723009e+00
8.663701481335221999e+00
8.653749225590390282e+00
8.839568311760432451e+00
8.833336576916952509e+00
8.152272711768636881e+00
8.138910068764749539e+00
8.404272036779794064e+00
8.389466693947111864e+00
8.125488617714845319e+00
8.111178297717032137e+00
8.373705319970001781e+00
8.357360220721920641e+00
8.640973109838460786e+00
8.625791094309072093e+00
8.823980865819187613e+00
8.811499311062545914e+00
8.608929262271770355e+00
8.591080858292373890e+00
8.796254552494058743e+00
8.778909875942900953e+00
8.909404160625243208e+00
8.914017257422900187e+00
8.865989395758408165e+00
8.878203760757987340e+00
8.917834897882970679e+00
8.919607619444274604e+00
8.891895995075818959e+00
8.904752941877633887e+00
8.736273055261321474e+00
8.756268758893762438e+00
8.543850787782302447e+00
8.569936673821347384e+00
8.780120245934549317e+00
8.804556772082499094e+00
8.602150242582446538e+00
8.636555283904053582e+00
8.918115008697975910e+00
8.912468931650892046e+00
8.914327119679017031e+00
8.918516098946369652e+00
8.902361207437605728e+00
8.888179923181610320e+00
8.915998007983356288e+00
8.906652196876418515e+00
8.825922921647240571e+00
8.840769115297911540e+00
8.668526443086458144e+00
8.693341266190168781e+00
8.846432697780924670e+00
8.842012058530308138e+00
8.706650250529367696e+00
8.706368219510252970e+00
8.376464327824029610e+00
8.369685559099588446e+00
8.119277470381494055e+00
8.114399158011222468e+00
8.350404640629417230e+00
8.323029397426807918e+00
8.091483778097533275e+00
8.055775249901119039e+00
7.825725138114559165e+00
7.826069495131409148e+00
7.508074337291268385e+00
7.517021597179060599e+00
7.801784636864490530e+00
7.758256714947605381e+00
7.495617308392210631e+00
7.447188032419219006e+00
8.296385934702380283e+00
8.279140601637372754e+00
8.020560250038348826e+00
7.998946729455114202e+00
8.275082223992994201e+00
8.283461484020524068e+00
7.994899746748907354e+00
8.004331385821886968e+00
7.714903700350193461e+00
7.691513169076372058e+00
7.398181012970008297e+00
7.378204793470643175e+00
7.691822337270097343e+00
7.705037995513153604e+00
7.391209936940730252e+00
7.414238189630344422e+00
7.193994262060282807e+00
7.213296519780024063e+00
6.936223936346830321e+00
6.960077921368526432e+00
7.202949765907047386e+00
7.157150851433884853e+00
6.976388748570443887e+00
6.945932464054355826e+00
6.801720620998656486e+00
6.804267901868562340e+00
6.812712052121565165e+00
6.752589254881202763e+00
6.875453101420942126e+00
6.871272804691948011e+00
6.901866306839725240e+00
6.918623649826391109e+00
7.106578672953625109e+00
7.095178353921529180e+00
6.895589852319493396e+00
6.887967869196482518e+00
7.131816081723306944e+00
7.172166678726886957e+00
6.954809964422912216e+00
7.013532138932834670e+00
6.817953462738606696e+00
6.784145574275075141e+00
6.861096146716158195e+00
6.761627959501862684e+00
6.876485926185075925e+00
6.939347848801832974e+00
6.870275257020709070e+00
6.915543911338383865e+00
8.302721724536933579e+00
8.332025604623769510e+00
8.023393421382889912e+00
8.052105284145625319e+00
8.369443126243387709e+00
8.410833940768132067e+00
8.090256150052306694e+00
8.134229406938262130e+00
7.722490595583861861e+00
7.745765251032958432e+00
7.429629830033658067e+00
7.441990626950647503e+00
7.778377858740425310e+00
7.818278826590562502e+00
7.461423923873141462e+00
7.487688157894712759e+00
8.451036319813468367e+00
8.484388603283518293e+00
8.178953272027797539e+00
8.218564118143406816e+00
8.504474654850275428e+00
8.507370752604243691e+00
8.244313702020416912e+00
8.249431091963090878e+00
7.861239763673298242e+00
7.902774890653643247e+00
7.517724061942944402e+00
7.552454157733509810e+00
7.932338367139565527e+00
7.938812105793882523e+00
7.583352291016674407e+00
7.591619608792214535e+00
7.185084248888865766e+00
7.182825940620951144e+00
7.020781704929706102e+00
7.007451091425983769e+00
7.185153774003802063e+00
7.187864752402115087e+00
7.004240612200810290e+00
6.980989058373207712e+00
6.933088008488582865e+00
6.923438906324705933e+00
6.893153970860121937e+00
6.897416429914410507e+00
6.950571703704246040e+00
6.913318194403512251e+00
6.984582321531774163e+00
6.955597073505057182e+00
7.187168410443410593e+00
7.199539476436817687e+00
6.930137988239871483e+00
6.898904881918173970e+00
7.233402587753179347e+00
7.249254822140881238e+00
6.956068026931877313e+00
6.993554770952846944e+00
6.809326119287944401e+00
6.711497660470861604e+00
6.831435879827549407e+00
6.651115221661147103e+00
6.848438725537229210e+00
6.917240082027139358e+00
6.921654114406925906e+00
7.008858460726725248e+00
8.097871461882760968e+00
8.084649984009455892e+00
8.341414027755526206e+00
8.326066155932352331e+00
8.073040063267960420e+00
8.061896012490226582e+00
8.311979154686763849e+00
8.299003153333384120e+00
8.573098470743653721e+00
8.555602496307196603e+00
8.760380022490149798e+00
8.741593332625559043e+00
8.539178674942494496e+00
8.524074767681918630e+00
8.723385389941979540e+00
8.706365435100545724e+00
8.052370021121719290e+00
8.043099072877772926e+00
8.287428140183214609e+00
8.276802075411781701e+00
8.035003217666073283e+00
8.026611619471839987e+00
8.267173084377745340e+00
8.257938078291871875e+00
8.510480940915112313e+00
8.498297315097005367e+00
8.690964332710658269e+00
8.677394975217591622e+00
8.487434627685212618e+00
8.477594419605919640e+00
8.665732950496542131e+00
8.655907751602716971e+00
8.870947625533942116e+00
8.852002128678753579e+00
8.891661810748123784e+00
8.872986372432041691e+00
8.832664462386707882e+00
8.814055095951982111e+00
8.852649545206247694e+00
8.832428808052769753e+00
8.828963563827219474e+00
8.810191531270039178e+00
8.694425508432875205e+00
8.675158453574187689e+00
8.788583059813584342e+00
8.766592576821278016e+00
8.652344860796420178e+00
8.628893806368161279e+00
8.797066944348321371e+00
8.782322718907396464e+00
8.813829361247025318e+00
8.797945740775936940e+00
8.770175679029737381e+00
8.760778063053196618e+00
8.785334560825100780e+00
8.776187477552557681e+00
8.746434367830980605e+00
8.729715056039387022e+00
8.607847450099740172e+00
8.591500540215339043e+00
8.716935529928443671e+00
8.707860963018809741e+00
8.579912300542019921e+00
8.571648701485587551e+00
8.018796529728209777e+00
8.010117673503595270e+00
8.249072571342543014e+00
8.239965417662611813e+00
8.001543976022380988e+00
7.991804316265363362e+00
8.230644085509773333e+00
8.220587499861972347e+00
8.468563046529755667e+00
8.459968805704550121e+00
8.647801967916748822e+00
8.641211580485613553e+00
8.451554247361213967e+00
8.442905359056959824e+00
8.635882476708086841e+00
8.631409979281610134e+00
7.982024059079836142e+00
7.971187976828838728e+00
8.209934823731755316e+00
8.198274409935267570e+00
7.960402126304406245e+00
7.948640417863617635e+00
8.185731627212122774e+00
8.171673718254565344e+00
8.433707005728761530e+00
8.423428854854860148e+00
8.627224228932782069e+00
8.622414682042910172e+00
8.411516291848313287e+00
8.396960458811951966e+00
8.615648332040288793e+00
8.604950063761670265e+00
8.754213353590769131e+00
8.750535102670475851e+00
8.770686490738242469e+00
8.769169502121807014e+00
8.749733890753491394e+00
8.751626940768428398e+00
8.772060976226512707e+00
8.779732683741681143e+00
8.702428161375252103e+00
8.701138044778311098e+00
8.565891343740496211e+00
8.563145672813215370e+00
8.704870813907291449e+00
8.714759084737599082e+00
8.564611126623660198e+00
8.572164349146005335e+00
8.755699791534611975e+00
8.760804002942679247e+00
8.792250818677480595e+00
8.808801785971441589e+00
8.764826561091805246e+00
8.764432524382868905e+00
8.826931614730952447e+00
8.842059264873068258e+00
8.731980459537510342e+00
8.756805904246828476e+00
8.588522255742937261e+00
8.615679705690059365e+00
8.787134069826281646e+00
8.817724437321889042e+00
8.652184308024791548e+00
8.692376463247073914e+00
8.495773514146215177e+00
8.476167647108958647e+00
8.237634761272740747e+00
8.218479257657930859e+00
8.453010303149625315e+00
8.429064729918627208e+00
8.196604304950032116e+00
8.173562896176170156e+00
7.926457627860315824e+00
7.908808657049121393e+00
7.578229973766014815e+00
7.561836700417694956e+00
7.890406796170911896e+00
7.870136328428523065e+00
7.549906170972227493e+00
7.536307955335669995e+00
8.408456724003753990e+00
8.394692980106020386e+00
8.155008747931344004e+00
8.146664392786309605e+00
8.386906848594900765e+00
8.381323349143485757e+00
8.146166928197644097e+00
8.145836854294556062e+00
7.855256963810068882e+00
7.855023553088552823e+00
7.526486314106825226e+00
7.534471165481824606e+00
7.865401593079655918e+00
7.873126400549404380e+00
7.557779574096501030e+00
7.576716483972971261e+00
7.231869446069161711e+00
7.209588973191626060e+00
6.962077538833890245e+00
6.908382968432611904e+00
7.210267564496102288e+00
7.213731987269259349e+00
6.937071801831828033e+00
6.976417186769476864e+00
6.859703364779648815e+00
6.720622935142213095e+00
6.931180849481917150e+00
6.660729110647094053e+00
6.809399732420298612e+00
6.896416548822989157e+00
6.840017603681024738e+00
6.955776401116016139e+00
7.208617068457718879e+00
7.215214661726809808e+00
6.971607978635656622e+00
6.946809373558488154e+00
7.249282978838289537e+00
7.284340239962499020e+00
6.984506104111475544e+00
7.042149815484925135e+00
6.887920274736271331e+00
6.779483200763222861e+00
6.946027527508623400e+00
6.718919349348275283e+00
6.818432790683187861e+00
6.896115267840007057e+00
6.781932271600291884e+00
6.856808349897717036e+00
8.375803681297297132e+00
8.370851170210210412e+00
8.141682512640167957e+00
8.134411960291512145e+00
8.367744944510439709e+00
8.368964963716203798e+00
8.124905471674455981e+00
8.116177526829178035e+00
7.871714279797432212e+00
7.862144606400352842e+00
7.579922995963285892e+00
7.567716925674824680e+00
7.843835379039368227e+00
7.820959221630559455e+00
7.536677065388365904e+00
7.495293732073329274e+00
8.379415683042310548e+00
8.403513457911707007e+00
8.116905273111983732e+00
8.135163401923438897e+00
8.439830310358326315e+00
8.481151970835576037e+00
8.167567227414719966e+00
8.202144659710683072e+00
7.809498881146800464e+00
7.823053969054503121e+00
7.472270040446693073e+00
7.487778148270915146e+00
7.851997817139429792e+00
7.873707182018404360e+00
7.519307426197168631e+00
7.524412362212665961e+00
7.294292086498650463e+00
7.277718350923598756e+00
7.057843985548491794e+00
7.033108173773161553e+00
7.230215906486053612e+00
7.171829012363621025e+00
6.977459549147789097e+00
6.918753678626710979e+00
6.910802952489216722e+00
6.874258616262726385e+00
6.866264462152453341e+00
6.810630469793184538e+00
6.855211125311035936e+00
6.811865584577589061e+00
6.881384834196653699e+00
6.848292431119162416e+00
7.143829110081052036e+00
7.170800300444288844e+00
6.892987423458937002e+00
6.927895569689716204e+00
7.216750775271682627e+00
7.207665271510830252e+00
7.000990323812759542e+00
6.989586474566253038e+00
6.782965243142397682e+00
6.794022418214812120e+00
6.805090852027321446e+00
6.755235468072898541e+00
6.906525104489936062e+00
6.896669306548210976e+00
6.907474620775266416e+00
6.896875050061042955e+00
7.736950004264635083e+00
7.413410308079980027e+00
6.850505340900374662e+00
6.956229070604267761e+00
6.274472433391768078e+00
6.617220867575159815e+00
6.893577002304422940e+00
6.952017947718927005e+00
6.488285106725624196e+00
6.533926078824167760e+00
7.338419104394426462e+00
7.450554920157226313e+00
7.041687705950819165e+00
7.197834877290960165e+00
7.005934635948290357e+00
7.268996816697443464e+00
7.268591759492173843e+00
7.405716346435861297e+00
7.348421562208123703e+00
7.371145511855337951e+00
5.670379315909914730e+00
6.351485024775972654e+00
6.280812809479191294e+00
6.266899697465326824e+00
6.157435320835059400e+00
6.078477104638268180e+00
5.442312426443319140e+00
5.992917211169152658e+00
5.901794509360503760e+00
6.033244860086152350e+00
5.981643630403574718e+00
5.813676035184583313e+00
5.640572447782404630e+00
5.892785831982012112e+00
5.679568634436398256e+00
5.954775690327528181e+00
5.391460370640857036e+00
5.628045725126449739e+00
5.324785187741527537e+00
5.572990017270655017e+00
5.399900636016443656e+00
5.540327116687502773e+00
5.225704960609152572e+00
5.053152715099472836e+00
4.560095376253181065e+00
4.727674802451689473e+00
3.987213037210311839e+00
3.566336971670339473e+00
3.170895655643128919e+00
3.591366282120271869e+00
3.448267627690317028e+00
3.420748619689482517e+00
3.851352957461254167e+00
4.038112588814049886e+00
4.842893054081920390e+00
4.744352935588378450e+00
5.466872662253788206e+00
6.017824669495896117e+00
5.968447426161361591e+00
5.571096957147457118e+00
5.428253894655164835e+00
6.143611732530611214e+00
6.788802590396119108e+00
6.572916292718611331e+00
7.011617281084599362e+00
-7.935448917351585196e-01
6.166531538181597938e+00
6.128636097105072622e+00
6.542011275605606357e+00
6.404400628820995145e+00
6.590285341230655014e+00
6.674738469657431672e+00
6.821443971673724960e+00
5.797350985340695040e+00
6.176522575224585587e+00
6.428269051941673418e+00
6.201437853965437341e+00
6.475376047175802618e+00
5.730171143945563372e+00
6.087237397674848616e+00
5.950563113991248265e+00
6.253021723970973333e+00
6.369554411427628793e+00
6.548753103326624192e+00
6.454665576802772087e+00
6.592562196420588272e+00
6.566752419195081458e+00
6.671263455242320006e+00
6.623063603110079356e+00
6.732396569926129892e+00
6.776258771301169048e+00
6.852502168497340840e+00
6.819768212104043492e+00
6.893746269339448673e+00
6.669584327467074303e+00
6.761338862955573958e+00
6.691759928617953435e+00
6.766627046170592408e+00
6.833924193925255963e+00
6.894743763334470366e+00
6.824468095752478369e+00
6.871321558595287371e+00
6.857132466545395211e+00
6.984762088669490332e+00
6.967484880413034709e+00
7.084506007925527982e+00
7.153739693434006952e+00
7.203777687363818849e+00
7.180308136514899964e+00
7.240943323785022478e+00
6.944366316030863295e+00
6.997632816278492207e+00
6.958991638846743655e+00
7.013255149670998279e+00
7.074906145381818057e+00
7.111246146414158531e+00
7.064327878978722275e+00
7.105317914252150757e+00
6.946561462830939782e+00
6.992372908561423905e+00
6.911911558014070422e+00
6.949183068786950912e+00
7.033746886522231456e+00
7.071336037433510135e+00
6.984913543880737485e+00
7.019834923160876983e+00
7.174153567686812671e+00
7.196121727319288119e+00
7.145556935432210821e+00
7.175756653517105121e+00
7.242749553456397038e+00
7.258255945261006481e+00
7.207051957400071096e+00
7.230220809688214345e+00
7.105942114982124025e+00
7.136958196760311068e+00
7.053534225077016551e+00
7.085638685910147672e+00
7.165745903056238930e+00
7.191198286632012326e+00
7.115895661192370270e+00
7.144003035368329257e+00
6.177682574082594691e+00
6.163715890468886016e+00
6.255075164091193685e+00
6.242236162180991421e+00
6.135465717503625349e+00
6.103402077997924557e+00
6.220262266067596357e+00
6.184135861285344760e+00
6.362260893197495548e+00
6.352825114221820613e+00
6.505609314179819691e+00
6.500482967510812671e+00
6.334382081932948161e+00
6.296381069097066074e+00
6.484297547021441233e+00
6.439469004525609108e+00
6.030390820473966684e+00
5.948396525550581515e+00
6.110814284850178524e+00
5.995213156807484012e+00
5.787926799693972946e+00
5.648537655393949031e+00
5.813759726130133032e+00
5.580974541211912054e+00
6.208733989329533465e+00
6.048787905445920821e+00
6.318914807213995566e+00
6.083470542640029066e+00
5.792298451924542846e+00
5.429875438167054646e+00
5.697800083891234380e+00
5.171483943906433289e+00
6.693916722098321337e+00
6.693705901473369302e+00
6.938335671579251240e+00
6.941086592806311906e+00
6.676666582094565427e+00
6.611054470042232012e+00
6.913848578300228809e+00
6.842037432512815265e+00
7.281542921788582312e+00
7.270567028331938353e+00
7.520626712243097423e+00
7.514260447545701105e+00
7.725667677107061593e+00
7.714087561995476960e+00
7.498138806546967849e+00
7.480883358488276791e+00
7.695091542718017763e+00
7.667761120052881019e+00
7.198478386299598242e+00
7.067662575629912070e+00
6.972209538163924414e+00
7.189486312227607812e+00
7.074936889624513725e+00
7.421681837840566232e+00
7.397043358352365594e+00
7.618364098327996103e+00
7.568160662183851528e+00
7.335626159842236760e+00
7.200808086611711900e+00
7.478486268747774446e+00
7.325215783383039359e+00
6.429869165188215163e+00
6.083714489452891172e+00
6.575348025350816528e+00
6.118910480050049117e+00
5.538750747635342364e+00
4.995561372818883683e+00
5.500486045198901941e+00
5.277881027632078670e+00
5.044747392300500621e+00
5.357024568422047217e+00
5.072662321585464262e+00
6.783307363648754418e+00
6.645584040363092804e+00
6.898629484882283336e+00
6.700990166149979999e+00
6.345501515726947872e+00
6.143816101727014534e+00
6.436621251379020414e+00
6.174889608986736889e+00
7.010806889538205411e+00
6.786013862981753242e+00
7.120095788358194788e+00
6.878634174746201424e+00
6.521624699218808274e+00
6.244994349003345491e+00
6.607765573989972552e+00
6.324998480024133229e+00
5.778877445108009603e+00
5.601283841304378619e+00
5.881618560157041209e+00
5.647902388583538880e+00
5.365238428676658344e+00
5.137818258128482363e+00
5.418630358129946423e+00
5.235899497008327685e+00
5.964082202249863407e+00
5.714898604328395137e+00
6.046535524719813814e+00
5.799209163213963514e+00
5.500374404379336113e+00
5.366311256218890158e+00
5.609477130350914997e+00
5.522785629270701158e+00
5.407421713674141373e+00
4.961291108014417084e+00
5.198455805576582378e+00
4.542441720976333031e+00
4.264272804069916489e+00
3.559210421405103464e+00
3.740673213413960418e+00
3.571978559694788391e+00
4.852042015723777801e+00
4.004452344471750358e+00
4.418056733992242968e+00
3.761186762097955771e+00
3.595920883242443189e+00
4.197647923058087649e+00
4.319400312849959178e+00
4.950966773805626886e+00
3.656348355439142939e+00
4.529311356705617797e+00
4.321538680455658366e+00
5.163094825713507419e+00
5.313637716663058619e+00
5.818420979959602946e+00
5.718618114084516257e+00
6.059841871043792239e+00
5.012791601477439407e+00
5.603768823863907400e+00
5.493623261629730692e+00
5.878141054100241014e+00
5.980289878736272158e+00
6.210749306289657490e+00
6.141906056147892201e+00
6.194888235515653818e+00
6.278482554884691424e+00
6.254033347654186059e+00
6.370424541451373379e+00
4.351596735817611972e+00
4.420543133846254413e+00
4.749096469584634050e+00
4.689987574888289323e+00
4.878473814845434298e+00
4.857805726843641203e+00
4.749007418783600443e+00
4.911867309501786849e+00
4.979382286851320671e+00
5.203428591308739470e+00
4.683254136933194367e+00
4.899433621990315402e+00
4.934091391246973934e+00
5.217594339849304319e+00
5.205212922921369945e+00
5.371011163094969731e+00
5.440923683442436598e+00
5.620590355880270117e+00
5.220784115229367472e+00
5.457000665950707763e+00
5.459455260907198237e+00
5.673005282376357705e+00
5.649542960141276993e+00
5.813727770579544263e+00
5.848641606302069640e+00
5.995776529417382150e+00
5.013109272289404394e+00
5.050432322101952032e+00
5.176321808785647072e+00
5.267538900050771744e+00
5.218720916905955853e+00
5.454120714595907415e+00
5.464444021105055782e+00
5.699130815979130738e+00
5.365923718361046646e+00
5.499301073711063914e+00
5.570943084327985240e+00
5.734888193633914000e+00
5.712360542987187983e+00
5.942198568174894113e+00
5.956787010637653701e+00
6.179956610704874898e+00
5.688734365435020202e+00
5.886189960863220882e+00
5.918575745366544183e+00
6.100486157491006978e+00
6.046605410514895418e+00
6.175678939361542774e+00
6.243896633686019548e+00
6.353363845524460096e+00
6.147458476484136014e+00
6.312465916947388678e+00
6.370596865205465420e+00
6.517084343772248545e+00
6.436874979206468339e+00
6.525513128416580599e+00
6.620781431588195431e+00
6.687870166243073733e+00
5.617313099315397906e+00
5.749384484635598369e+00
5.791569855121134758e+00
5.930405601645605707e+00
5.934312596141046114e+00
6.036094287492346666e+00
6.060555290672971829e+00
6.168049187126803723e+00
5.957459567930951216e+00
6.079715767386514536e+00
6.118866574320619200e+00
6.221126438392913904e+00
6.186761609625041736e+00
6.281284724414453180e+00
6.307802739424152705e+00
6.384710147777499678e+00
6.171042877810420713e+00
6.255349259624050084e+00
6.271759838104762785e+00
6.367081452516432094e+00
6.366743434116322042e+00
6.470865575668589109e+00
6.466363081685849501e+00
6.565238759429250059e+00
6.370781461242716937e+00
6.459422084372944184e+00
6.458692169548458040e+00
6.535656283858342519e+00
6.551538090287587934e+00
6.647216065313767963e+00
6.619914172176197376e+00
6.713108956741356437e+00
6.278033620706609419e+00
6.358443457229946638e+00
6.433993395723844877e+00
6.491097181293855378e+00
6.422804856420338382e+00
6.478166571799437001e+00
6.530731642345532606e+00
6.560522353999479250e+00
6.583962572742567687e+00
6.617357750996925247e+00
6.724710163908572014e+00
6.735767431700793395e+00
6.630842162565797615e+00
6.631475880568584280e+00
6.723811695856997339e+00
6.693110537879094046e+00
6.532551526225355509e+00
6.593830466414721592e+00
6.590219076328349246e+00
6.630808687289655445e+00
6.668173660460599450e+00
6.758639139591822165e+00
6.691904286567573301e+00
6.778739652848224218e+00
6.630600910031875905e+00
6.643844283845475651e+00
6.655237223633729826e+00
6.632160030206772028e+00
6.686862364900375333e+00
6.768966315585998039e+00
6.650202704746749127e+00
6.726764833798052123e+00
7.935917885457951293e+00
7.919765723677011593e+00
8.155319443500557597e+00
8.134244866626746173e+00
7.896274469596970214e+00
7.861229776186748452e+00
8.104241211704552583e+00
8.059507276348032434e+00
8.378194395132512184e+00
8.352250796915996034e+00
8.587507046718394932e+00
8.559121804403487133e+00
8.314177973111396724e+00
8.257043617479389752e+00
8.513661551645212100e+00
8.443317117396029303e+00
7.806908424598415053e+00
7.733621703921542689e+00
7.992365056982962734e+00
7.896405055774151194e+00
7.618761631129562950e+00
7.447386675009324719e+00
7.757485003356054953e+00
7.568225419695352230e+00
8.172672867798913998e+00
8.053715095811391222e+00
8.340288279006488281e+00
8.199228769660850347e+00
7.892083999083666868e+00
7.685670478565892694e+00
8.017395441237361808e+00
7.796327668842527814e+00
8.754949350077195547e+00
8.730125971867096268e+00
8.847472328890953364e+00
8.834352825423334110e+00
8.681937859150195891e+00
8.601596068649120852e+00
8.791911494919025571e+00
8.709514629655039641e+00
8.840570284407782253e+00
8.845008819665942212e+00
8.728331673524182932e+00
8.750044615257582592e+00
8.817276627040577353e+00
8.743425629297284729e+00
8.742164294338696351e+00
8.686182526902058498e+00
8.482506589447531553e+00
8.323139313194257483e+00
8.581622098376461949e+00
8.411388887378402401e+00
8.126077969048527194e+00
7.895468735315362530e+00
8.207158818132924694e+00
7.975318361674061940e+00
8.617241972857655696e+00
8.446154548829362341e+00
8.572079162991474988e+00
8.409581344175297346e+00
8.245053268755489384e+00
8.023205333795253580e+00
8.221281142677508313e+00
8.021768668926481993e+00
7.228291052373226222e+00
6.974552030932417601e+00
7.335818234913475067e+00
7.071977562561846398e+00
6.697113903938686441e+00
6.411336553374763270e+00
6.788755446169913554e+00
6.501283352028427664e+00
7.441042881874826875e+00
7.168424270857785885e+00
7.541746453121091598e+00
7.261628678158699834e+00
6.879564864588346040e+00
6.590014618883317077e+00
6.966660826559719411e+00
6.673300833350833905e+00
6.136065665817560522e+00
5.899416466264801429e+00
6.230415253888910598e+00
6.007257072381074536e+00
5.737695069892302158e+00
5.692091468770513529e+00
5.871822803115740008e+00
5.860237085618059005e+00
6.322930351688357042e+00
6.112437144727214111e+00
6.407816101019729871e+00
6.207693810587282535e+00
5.999644033557805400e+00
6.016203604953624939e+00
6.113819830616622042e+00
6.153914604794407772e+00
7.635272811107236102e+00
7.350138078728046587e+00
7.717011090706700216e+00
7.432144156955674319e+00
7.049089834664965082e+00
6.749969648062775995e+00
7.127363707984689434e+00
6.822156657176046579e+00
7.777911831276441923e+00
7.502285571207161219e+00
7.803485377674488355e+00
7.548886995156991020e+00
7.199866669867912350e+00
6.892148282436986406e+00
7.257391928398789993e+00
6.955900776810311825e+00
6.483569432239892905e+00
6.292199997433379544e+00
6.553634313993317306e+00
6.372769980446158833e+00
6.214792997608781455e+00
6.273913164334894432e+00
6.312988412584894071e+00
6.384998891311632896e+00
6.623222450938439643e+00
6.460966620861545273e+00
6.692725672502882084e+00
6.563856780526506896e+00
6.427916406823025675e+00
6.503867634912157136e+00
6.576151100764635160e+00
6.643911663371325105e+00
8.520910654928760763e+00
8.553777860581513792e+00
8.234850434460977198e+00
8.270305929859736338e+00
8.565626573638137842e+00
8.532983605335706656e+00
8.298265437196597816e+00
8.290962164218857566e+00
7.888705284561147835e+00
7.918533811850624105e+00
7.511077831276699257e+00
7.526660733559094041e+00
7.956722054360731100e+00
7.974734180523504357e+00
7.562475666383133621e+00
7.602252564521561062e+00
8.438202241209715737e+00
8.289510324641215178e+00
8.219610581988028741e+00
8.084437967054306284e+00
8.118508354169543750e+00
7.951539367601841768e+00
7.924892754853046561e+00
7.792975294741017578e+00
7.931654936526407518e+00
7.809531978818061049e+00
7.599578750372947056e+00
7.504869422882321395e+00
7.644374235294963071e+00
7.534258787784064104e+00
7.324294463961416923e+00
7.215074064941237708e+00
7.158696311117566324e+00
7.147028578707818269e+00
6.917305224014451248e+00
6.871470040726476824e+00
7.149225238414700812e+00
7.194853785215173936e+00
6.789409943003793302e+00
6.791954372297843712e+00
6.833024777990215348e+00
6.798498298797754025e+00
6.843612667010027906e+00
6.647740100779929939e+00
6.416801542289005233e+00
7.258939493390331954e+00
7.230432024444527705e+00
6.977396828183865196e+00
7.026308233025645222e+00
7.076327701560111372e+00
6.938763826294979786e+00
7.089604810756787501e+00
6.796043224165283725e+00
7.776308390393057657e+00
7.556892339877815168e+00
7.677841460725590927e+00
7.515135690480952313e+00
7.282766785603334903e+00
6.997269509455049885e+00
7.265150390463525731e+00
6.999972118009831767e+00
7.485579038436628529e+00
7.398761408744243262e+00
7.238288707492995577e+00
7.155320101183140657e+00
7.208614648006770764e+00
6.983614433344802919e+00
7.174654324360691504e+00
7.071771900894004759e+00
6.752949213535668349e+00
6.674492030815653010e+00
6.795094306812571539e+00
6.785618671289673109e+00
6.745724983366194749e+00
6.777205394364468560e+00
6.883498347923943328e+00
6.820672187554330357e+00
6.819730882869097677e+00
6.846447837710206485e+00
6.963160629940394308e+00
7.165319693677750124e+00
5.778312983231965738e+00
5.964858185201606489e+00
5.977027721628032531e+00
6.182364168832218176e+00
6.192267447610287689e+00
6.408177009925575263e+00
6.414661396482925326e+00
6.623160652555081462e+00
6.159451536280871942e+00
6.383052205532441903e+00
6.321830493899122771e+00
6.564893747461805873e+00
6.620788052354705577e+00
6.820946204987849981e+00
6.807570868587671242e+00
6.995749138849854276e+00
6.583344525790898238e+00
6.709469335738782902e+00
6.781354776544914031e+00
6.884734543515196314e+00
6.790816777811418348e+00
6.836128562412657317e+00
6.942141475188635447e+00
6.966107942588990909e+00
6.959089292327187870e+00
7.036283911865297114e+00
7.107472486903412268e+00
7.152694445028346060e+00
7.068430557839139539e+00
7.072735317552186984e+00
7.158275000206216987e+00
7.146827430063160236e+00
6.465117272727391118e+00
6.728476618015451827e+00
6.595791300105871002e+00
6.877048072009051438e+00
6.971103169865844329e+00
7.139059171399059878e+00
7.105115517895934651e+00
7.240585993592906000e+00
6.724444370498073198e+00
7.013493988684926350e+00
6.857136607606910239e+00
7.127944646249316563e+00
7.197947025670252685e+00
7.288292663759306400e+00
7.234865657685538132e+00
7.268090593822173595e+00
7.213649672170673099e+00
7.217627624727069424e+00
7.268248120039373816e+00
7.224271470001156104e+00
7.193785348103308941e+00
7.171413674376454495e+00
7.170427429602955982e+00
7.136640478397485055e+00
7.275024032421560705e+00
7.196466072714427398e+00
7.233660467681556128e+00
7.177120187118126715e+00
7.130721065316973473e+00
7.090446396086076852e+00
7.136499026078101160e+00
7.109643922415251005e+00
6.853144122514643222e+00
6.845449802105769699e+00
6.966268361733743752e+00
6.945325871670723572e+00
6.811903892012688644e+00
6.750532166927259325e+00
6.897340644711557722e+00
6.810327864180168334e+00
7.060182222207783909e+00
7.032095337214689934e+00
7.127900136465956216e+00
7.097996457490456379e+00
6.978411101457152377e+00
6.875515562899535027e+00
7.045589398071318676e+00
6.938966770065246870e+00
6.669497795990473321e+00
6.598048243513317423e+00
6.682301493578517437e+00
6.547323243176605523e+00
6.581037005572275334e+00
6.652241565660920841e+00
6.480626413162095645e+00
6.548794868281010650e+00
6.702859041039507915e+00
6.488912219553780503e+00
6.734607003454783580e+00
6.433716512501054474e+00
6.353596443086885870e+00
6.425127543631171001e+00
6.212364372942453805e+00
6.300864746523322957e+00
7.157131199247033670e+00
7.131684840938866898e+00
7.133492233635412738e+00
7.123956536725581934e+00
7.084321570682186042e+00
6.984671278553739704e+00
7.088516142785318053e+00
7.005713294683875603e+00
7.080953963926805095e+00
7.076699302093883759e+00
7.076161597936235559e+00
7.021270941227926166e+00
7.090098078844876639e+00
7.035063437977202128e+00
7.048543529337177205e+00
6.773568672900320387e+00
6.397329481987638289e+00
6.820639599735028646e+00
6.418823531736728150e+00
6.080117986241687866e+00
6.206095085281305046e+00
5.976193934364110838e+00
6.144835835951647063e+00
6.891710276417614800e+00
6.560921645331166729e+00
5.906312209313912653e+00
6.038098001387405489e+00
6.958060575856411134e+00
7.165045178601607390e+00
6.879303035581322945e+00
6.997628203653701640e+00
7.230274128462051308e+00
7.203100660756255991e+00
7.040219562670312570e+00
6.142370312851966219e+00
6.362908116899402167e+00
6.288466985615883686e+00
6.457866558562721515e+00
6.517182654806031650e+00
6.627886994167126566e+00
6.585097836489286038e+00
6.678428293866593535e+00
6.395998297347335715e+00
6.551625849812696245e+00
6.389711356475082482e+00
6.464374547863180887e+00
6.473757649117944268e+00
6.564204682113221168e+00
6.557030127334448011e+00
6.617906333975897226e+00
6.649261645054035164e+00
6.724248259931960625e+00
6.675116173204295400e+00
6.765699127251144418e+00
6.692460525016707074e+00
6.739425620887094404e+00
6.793738702077957825e+00
6.852177086080834201e+00
6.795298724299462023e+00
6.826609303030253706e+00
6.903061008609144622e+00
6.940926281379374174e+00
6.708164394119661367e+00
6.765769898078084488e+00
6.742611991236215907e+00
6.781782004519924634e+00
6.806644874017164781e+00
6.837538013124453862e+00
6.801919158330754556e+00
6.812376796335902540e+00
6.822243737860847368e+00
6.845622190721433853e+00
6.862230362245155035e+00
6.876562700426402053e+00
6.969229453811987440e+00
6.983110667655674675e+00
6.891561961310828544e+00
6.889418955539206024e+00
6.986436910500555264e+00
6.975522204461300113e+00
6.842578082397549721e+00
6.834634253860294884e+00
6.886750558462376937e+00
6.871998859144458294e+00
6.955297621302827693e+00
6.924032672500747942e+00
6.860951681986299455e+00
6.839358655935949827e+00
6.888928531190866345e+00
6.849647635141696611e+00
6.569577849367847833e+00
6.662135748662654677e+00
6.662687788567487779e+00
6.758010341639034912e+00
6.749165714753829093e+00
6.829624203755241041e+00
6.850171683634903808e+00
6.937204234747890830e+00
6.745949575104197571e+00
6.846495032965133731e+00
6.814890667420113068e+00
6.922910738347112236e+00
6.946414225135262299e+00
7.042359681975010943e+00
7.033100493771108574e+00
7.140429935818485063e+00
6.902623894700837148e+00
6.966005070538344945e+00
7.016666840434147012e+00
7.085922035453539714e+00
7.018548832852259167e+00
7.058104892175204981e+00
7.142597767371397843e+00
7.184534701555771008e+00
7.130630776097444112e+00
7.207647941900146016e+00
7.239708735125724992e+00
7.326229823394166729e+00
7.270303671510159660e+00
7.316120813543067314e+00
7.396196289742270835e+00
7.446923101859032279e+00
6.864705998841603929e+00
6.982472387686239124e+00
6.890538059762677747e+00
7.020976944149855292e+00
7.105645967500374915e+00
7.226909041277751022e+00
7.160333840836898389e+00
7.298017530275007658e+00
6.889058972083685894e+00
7.036483369005972044e+00
6.860200461637214531e+00
7.031231647433583198e+00
7.195776886304392050e+00
7.351641550568474237e+00
7.214275272759008928e+00
7.387557585908372637e+00
7.339154879066399850e+00
7.436357888352585377e+00
7.424514399058995018e+00
7.532418080077521338e+00
7.514072750969038594e+00
7.569640368645464079e+00
7.616834146548445261e+00
7.675528915930722285e+00
7.491955700291610398e+00
7.608404697914104453e+00
7.537467384917396984e+00
7.656652807471600042e+00
7.696226451088456599e+00
7.754297895699350462e+00
7.741607782145083938e+00
7.793384675444396947e+00
7.083931617779397172e+00
7.094377999453270078e+00
7.210143324535239095e+00
7.218066478025201960e+00
7.089517425586887356e+00
7.068653799669911031e+00
7.207526618578737221e+00
7.177985568490141688e+00
7.343315554533899281e+00
7.350605107425297824e+00
7.476800690449117326e+00
7.484963517616875173e+00
7.337024744035153923e+00
7.301686364732296930e+00
7.470746377711465769e+00
7.433092743750465026e+00
7.033386366123466793e+00
6.985250473156065176e+00
7.129901422203256622e+00
7.064940358411869070e+00
6.928954772242569504e+00
6.869478902102636120e+00
6.987265930051523632e+00
6.903540991174522468e+00
7.244020431631219559e+00
7.164494732615511730e+00
7.370353135863398464e+00
7.280966138736906679e+00
7.066127235507316584e+00
6.955855029509655729e+00
7.165450079783334481e+00
7.029230384607098259e+00
7.602061107985754518e+00
7.611447927467908769e+00
7.708668939908079665e+00
7.717992987259227000e+00
7.598100235410216285e+00
7.561379283451683087e+00
7.705537454144279153e+00
7.671951894633581404e+00
7.784639982873969188e+00
7.791111833470513837e+00
7.816686567851752088e+00
7.817328173803555380e+00
7.778049047846471886e+00
7.748334985089918803e+00
7.801643358253742555e+00
7.775494198428172687e+00
7.498843247114669097e+00
7.406475857676491081e+00
7.614705349367894449e+00
7.527417666642279848e+00
7.280898119120563727e+00
7.123592622593177381e+00
7.401920712063285279e+00
7.233436046920998841e+00
7.700370762654769052e+00
7.625897775844340920e+00
7.739499701857670999e+00
7.684051253941291293e+00
7.511790474522149097e+00
7.346062867468403645e+00
7.591053743117914365e+00
7.442511306665030801e+00
6.867186438189487596e+00
6.895728961620606334e+00
6.838983694517371426e+00
6.859261901394732241e+00
6.926286565031461784e+00
6.959359150699012453e+00
6.884508476212189088e+00
6.916501286309252983e+00
6.855242477467181850e+00
6.856434538137184731e+00
6.842268056051466374e+00
6.840267827626768771e+00
6.870939307029030552e+00
6.875699298528687997e+00
6.843226012601283159e+00
6.847634297970554229e+00
6.823694890643042577e+00
6.814460246770677188e+00
6.815625676692711465e+00
6.789930740647615259e+00
6.809564096474348460e+00
6.810037020968080057e+00
6.773537837743095480e+00
6.766559201433327786e+00
6.895740786751122897e+00
6.905356474016233648e+00
6.858547358304962316e+00
6.870780084846070501e+00
6.929488712007764839e+00
6.942997160002406076e+00
6.888555622341325346e+00
6.906650558857253763e+00
6.816641798225192339e+00
6.828192717988727622e+00
6.768519764657391136e+00
6.778170558600084661e+00
6.844603611338493820e+00
6.864233401711222982e+00
6.794172793266787025e+00
6.814970883626469522e+00
6.993726364380793648e+00
7.028167475809468989e+00
6.953091025448165929e+00
6.991809205697812502e+00
7.061690591143607421e+00
7.093606015036752588e+00
7.030574678434935443e+00
7.067819403757539476e+00
6.969284495123026169e+00
6.985308946087021909e+00
6.928804319495716513e+00
6.950295050285299148e+00
7.012015636383206463e+00
7.029140401258086257e+00
6.974405464384970443e+00
6.997124223235966944e+00
6.886849300649763528e+00
6.910965259610572176e+00
6.839329032813119547e+00
6.865994272193822745e+00
6.936455962500701844e+00
6.962140630729834356e+00
6.894087315167779728e+00
6.922727627132773343e+00
7.054965716650759333e+00
7.072002662952566965e+00
7.021302463448719777e+00
7.043621927180157449e+00
7.096076343725152391e+00
7.112148513678806516e+00
7.066563832018791125e+00
7.087393028134577833e+00
6.988023871731670056e+00
7.013219680770932385e+00
6.951355787557425003e+00
6.979399214388696926e+00
7.037842589009476235e+00
7.061243987675882572e+00
7.006546498032887094e+00
7.032457291154369017e+00
6.814240169992818785e+00
6.769162555039468288e+00
6.822697972288692014e+00
6.753512088519082468e+00
6.737451443610482649e+00
6.719977656391825427e+00
6.702136960204791549e+00
6.670856617995053917e+00
6.844736778462075399e+00
6.745581939930935356e+00
6.884584064517945912e+00
6.749097148981372918e+00
6.668866241088057478e+00
6.619488409685341246e+00
6.639822000110101818e+00
6.566584938436069940e+00
6.715740358602433346e+00
6.722655873193989606e+00
6.658489898821045472e+00
6.661872714405593143e+00
6.738351852312946200e+00
6.760555955875811485e+00
6.677303205882615167e+00
6.701379000443556500e+00
6.596523346722464431e+00
6.595447991441714564e+00
6.529708536065125024e+00
6.523007129222452072e+00
6.610713426430043782e+00
6.637304669747835284e+00
6.538296940283155223e+00
6.568260136988428144e+00
6.945480464716179192e+00
6.768186151639777215e+00
7.027519426488236576e+00
6.806187427117597721e+00
6.617858718736280288e+00
6.513198923446070765e+00
6.605966841714733029e+00
6.460394387614867284e+00
7.125146098742418665e+00
6.863970384819293891e+00
7.225529083748019943e+00
6.938100131055787934e+00
6.606488555068212420e+00
6.408750659444780950e+00
6.620162620896343775e+00
6.357694027641121792e+00
6.457991327315227181e+00
6.444211857584862813e+00
6.381178501609405807e+00
6.358680519257736918e+00
6.459880091061060980e+00
6.494366953994282099e+00
6.375422527462623279e+00
6.416014694713037869e+00
6.298653426408158396e+00
6.265944822595084673e+00
6.209065389101205312e+00
6.165522186441420693e+00
6.285118765105849548e+00
6.334012938163708917e+00
6.189635256072520519e+00
6.249854877840835599e+00
6.787338337692349732e+00
6.817085366712451133e+00
6.731304784589221768e+00
6.764887392299728575e+00
6.848528469301212063e+00
6.880640492390988072e+00
6.800446893823381522e+00
6.836702054291302844e+00
6.671253625771769613e+00
6.709591488507201440e+00
6.607325443482165106e+00
6.651517065518461891e+00
6.750138091146703267e+00
6.791299404640148474e+00
6.698045375318304906e+00
6.744954001889673201e+00
6.912645631806114466e+00
6.943933466724653059e+00
6.872693456562392278e+00
6.907712595967543834e+00
6.974073995645000856e+00
7.002743707784714111e+00
6.941260450024051565e+00
6.972997338673610379e+00
6.831920781197741377e+00
6.871183864297281119e+00
6.790879922629618370e+00
6.834898288173467229e+00
6.908534419341878952e+00
6.943618893201503717e+00
6.876417117211726548e+00
6.915092952769748891e+00
6.539915308659864479e+00
6.591265327112632022e+00
6.469760780633330377e+00
6.529807252753625058e+00
6.644901468757000274e+00
6.698463975196438547e+00
6.591804599389802455e+00
6.652966243691365023e+00
6.398098213928868461e+00
6.468626580217995858e+00
6.326911840292966716e+00
6.409939296007800991e+00
6.540338161271940010e+00
6.610027947277541394e+00
6.492747708263227224e+00
6.571773607120865002e+00
6.750378324718687040e+00
6.799630115950366260e+00
6.711522214241023576e+00
6.766405164789542681e+00
6.845618211604948655e+00
6.888041271455500159e+00
6.817052166504578459e+00
6.863255734251316298e+00
6.675778393125995080e+00
6.736535673152498127e+00
6.645053318266296749e+00
6.711657805953453071e+00
6.791848976315549180e+00
6.841677395319451627e+00
6.771359267076817012e+00
6.824386044148644359e+00
6.808841832097608737e+00
7.013341994403703872e+00
6.746504389216148034e+00
6.997361735175413600e+00
7.222176963065740196e+00
7.405717791206070544e+00
7.227961294243474555e+00
7.401522801174323263e+00
6.692987907070302889e+00
7.001313560866353036e+00
6.676793966141318926e+00
7.035839878128183678e+00
7.236956285377329934e+00
7.359439651461120668e+00
7.244777010265290862e+00
7.254509397144649263e+00
7.553767134598132316e+00
7.664761034465518819e+00
7.524419963529973110e+00
7.611254602986936568e+00
7.737607893773637890e+00
7.776795354574628227e+00
7.662284748100627318e+00
7.685955297188781898e+00
7.417316611821751948e+00
7.462368435861293392e+00
7.186749501080446301e+00
7.171892233324360433e+00
7.489784380248259765e+00
7.509616805771416992e+00
7.198692595806108763e+00
7.270691199983152941e+00
6.731443354603880991e+00
7.085589383791178086e+00
6.866185287682494476e+00
7.121497487541578408e+00
7.242141168323328770e+00
7.083495016667216149e+00
7.255861314404889129e+00
6.920779916561235368e+00
6.705061725255761829e+00
6.810648649394769549e+00
6.684989171716901879e+00
6.385753949793230966e+00
6.044552809884923050e+00
6.763848607970316174e+00
7.045998916920147792e+00
6.153295771584749829e+00
6.908492087909253954e+00
7.790651595280917441e+00
7.785133540636450356e+00
7.694430177704833618e+00
7.688515416041235007e+00
7.766403412653400729e+00
7.743706455043091630e+00
7.669965015723277268e+00
7.652122743972231689e+00
7.530222615763933369e+00
7.534951014332436081e+00
7.344095535501788952e+00
7.360752332589331814e+00
7.521666370391331569e+00
7.512248519285616766e+00
7.346217426687827512e+00
7.351194826935867788e+00
7.721720001476077400e+00
7.689867499700098641e+00
7.646496448545585523e+00
7.641887863660749680e+00
7.623969751895034896e+00
7.502461224973298926e+00
7.605067198223182778e+00
7.511900255948579463e+00
7.526633902471916215e+00
7.551930062628033014e+00
7.392871918031709733e+00
7.447610521637368031e+00
7.543207313952093429e+00
7.470021211373576442e+00
7.463619529911492023e+00
7.392444343919478023e+00
7.242641725433409228e+00
7.244582862622280572e+00
7.307479137703397853e+00
7.267914038946280186e+00
7.182234854750539021e+00
7.208034772652121447e+00
7.089745731008371799e+00
7.111067175970981147e+00
7.292093587572311186e+00
7.371124204151410453e+00
7.267253585674720462e+00
7.363697301358546277e+00
7.405862337759415936e+00
7.308878815751959301e+00
7.414905302814974952e+00
7.260729057509043294e+00
7.309713119421642702e+00
7.019686209766408780e+00
7.358081932669138681e+00
7.095238978750321834e+00
6.645324264506746736e+00
6.304770781647588862e+00
6.677839829874400834e+00
6.245225879416376635e+00
7.359270124884446318e+00
7.150835064053033818e+00
7.318025587028248680e+00
7.178997829153872523e+00
6.712436541487134534e+00
6.172932192223956172e+00
6.745158199578284552e+00
6.085466732738678886e+00
6.110107877432044532e+00
6.057190114184172636e+00
5.998515251214172395e+00
5.941342046035824609e+00
6.090507587987704419e+00
6.166105811078990584e+00
5.990564378457894357e+00
6.086872320806760328e+00
5.870239192296073050e+00
5.818709466263427998e+00
5.720746514860906018e+00
5.688808502290497060e+00
5.893989280918053630e+00
6.018172092710571519e+00
5.806207550395958705e+00
5.967902760626425440e+00
7.256417358331863632e+00
7.183572845254716732e+00
7.210728032446314550e+00
7.181539554251226143e+00
6.772155540387226225e+00
5.994798429123251005e+00
6.780445351581178670e+00
5.916848983641570747e+00
5.538773334568594997e+00
5.544686381248466134e+00
5.244026531986009765e+00
5.319605427095825512e+00
5.735204102911552582e+00
5.942839029411405960e+00
5.673377839022345270e+00
5.900136426905784326e+00
6.259299788858516678e+00
6.357010987547181635e+00
6.199968347042712047e+00
6.314563844501848600e+00
6.452180441380157561e+00
6.541035909585620978e+00
6.422936358309575766e+00
6.521446589538962613e+00
6.155714751225076498e+00
6.289021144018732024e+00
6.135414732356204048e+00
6.287750771534180494e+00
6.410397935271463510e+00
6.517100693053714089e+00
6.419838217079967713e+00
6.531006708784524051e+00
6.621768937513844655e+00
6.693747905441753687e+00
6.608851956822704210e+00
6.685033700381697308e+00
6.757129327521409934e+00
6.812553335709224278e+00
6.750760263267430616e+00
6.807272678516123499e+00
6.609343055750786178e+00
6.687547607572319919e+00
6.625199244774107932e+00
6.701995315679616816e+00
6.753450277558611603e+00
6.809131321483534727e+00
6.765055601165120613e+00
6.817351733134830560e+00
6.148327141866036349e+00
6.314981066586774716e+00
6.175981338515475372e+00
6.334265121988511993e+00
6.453131868575406216e+00
6.561143442109694135e+00
6.482969065490164162e+00
6.573015678423954178e+00
6.655511244033280427e+00
6.725963108563544068e+00
6.679214249272130033e+00
6.735570877204171580e+00
6.783252844742075460e+00
6.829027535694849327e+00
6.789393165355797066e+00
6.824745381393141130e+00
7.119284769083808584e+00
7.231453415256383188e+00
7.234790819632999082e+00
7.331989813604175232e+00
7.371062248391811345e+00
7.389944549986403821e+00
7.388203699890408593e+00
7.399373033150996370e+00
7.300775733211777307e+00
7.311355921490646281e+00
7.289804924210997683e+00
7.314215740904222329e+00
7.356493914968283754e+00
7.357165586418677350e+00
7.336473846193467985e+00
7.347128275235185413e+00
7.293911843880155566e+00
7.303702495349117640e+00
7.254444240278127509e+00
7.271564734502327987e+00
7.326691780133575804e+00
7.334885343806039515e+00
7.289628331023309649e+00
7.303259810362942694e+00
7.214626391305543507e+00
7.235011822132596748e+00
7.169972547643615357e+00
7.193566222075753913e+00
7.253795452008219513e+00
7.270332756132970253e+00
7.215129180570356127e+00
7.234621213069964973e+00
7.352560775269306959e+00
7.358350539235805066e+00
7.317621742313688671e+00
7.328605366760402084e+00
7.368904163445704647e+00
7.373283964787061606e+00
7.341370927166472882e+00
7.357589929083261815e+00
7.285560400056599661e+00
7.298943394434304288e+00
7.252362532390257854e+00
7.268631159183251533e+00
7.311620401468819530e+00
7.324446042575196714e+00
7.284955544135621963e+00
7.306700647690319350e+00
7.375591838949589807e+00
7.365234211629575256e+00
7.341631823270328816e+00
7.349883031398118938e+00
7.336874027370762441e+00
7.312693209960410279e+00
7.306078733474645759e+00
7.268945062015015779e+00
7.280473575364702299e+00
7.294845629436652601e+00
7.409676211820428016e+00
7.365085947087072427e+00
7.328924768919391042e+00
7.317338515777615626e+00
7.123412025875363263e+00
7.150699517030761676e+00
7.102367852439884999e+00
7.133278961145058439e+00
7.175228182092468820e+00
7.197911468469638585e+00
7.136026984716438371e+00
7.161741262535054275e+00
7.133839068868195632e+00
7.148030651856147166e+00
7.108210231619044528e+00
7.126470777302758464e+00
7.166653097303640862e+00
7.179449204171196364e+00
7.144418301493766776e+00
7.164586830476479484e+00
7.083530333699116888e+00
7.103810297566018228e+00
7.056927072922293931e+00
7.079414991560581072e+00
7.122002827970868033e+00
7.139517329703386039e+00
7.099894987676644398e+00
7.122761008424900453e+00
7.124826631810929456e+00
7.126133527186572003e+00
7.084783331802743334e+00
7.089601011323610535e+00
7.218052042429000004e+00
7.235825894442450945e+00
7.184665274502589405e+00
7.204823423929823001e+00
7.251495041681105036e+00
7.266457440372311893e+00
7.223699225632444154e+00
7.246534248068638107e+00
7.151397364615177388e+00
7.173435501021335092e+00
7.118257028027949573e+00
7.143090525920305467e+00
7.192866790309186520e+00
7.212810571126927250e+00
7.165604351796119431e+00
7.192217154209600949e+00
7.029660591662906910e+00
7.054237447108860692e+00
7.002641651924799149e+00
7.029674413566924684e+00
7.075962778213740201e+00
7.096869687855574149e+00
7.053877565070396649e+00
7.079791481679839293e+00
6.976157644957639903e+00
7.005596794132364025e+00
6.950691542553443014e+00
6.982749889213369698e+00
7.031412261756171844e+00
7.056155813424259904e+00
7.011014170983675520e+00
7.040102432941322874e+00
7.044253968768892982e+00
7.054100097015603588e+00
7.007038401658800986e+00
7.022006714808714634e+00
6.926732887502192959e+00
6.961281289170533348e+00
6.904974332077859600e+00
6.941948169865135299e+00
6.991307899493550693e+00
7.020004710702600015e+00
6.974059233732210039e+00
7.006042787747574607e+00
6.886163728834922004e+00
6.925217423026749586e+00
6.871150722305362279e+00
6.911807831614394715e+00
6.958791711921185730e+00
6.990842358058038997e+00
6.946564669661834834e+00
6.980292952721678823e+00
6.975476987329224166e+00
6.994927959017761765e+00
6.951717863334116565e+00
6.974046299290302287e+00
7.086249396158839531e+00
7.113283126758114250e+00
7.057520933499051630e+00
7.086961292319058359e+00
7.136121591799541086e+00
7.158592250986827388e+00
7.111882334010417139e+00
7.138815666312529729e+00
7.032944080477594895e+00
7.063828458783007136e+00
7.013177673216869579e+00
7.045051429625361017e+00
7.088701707045186318e+00
7.111534221338051687e+00
7.071192933348034337e+00
7.097038691715438219e+00
7.210294622155584143e+00
7.213823075317894684e+00
7.163281914646509208e+00
7.181801000205298990e+00
7.202642705070017470e+00
7.112063065977456411e+00
7.130823593800854177e+00
7.067371322287185897e+00
7.092192171195878636e+00
7.146462333748393014e+00
6.860810772284890113e+00
6.902349122131242964e+00
6.855875661557236711e+00
6.897292241895334186e+00
6.937604353279743563e+00
6.971271127290951775e+00
6.932157537130064107e+00
6.965346240898503183e+00
6.856639705610395374e+00
6.896783970321349599e+00
6.862324196336203386e+00
6.899849943795190121e+00
6.930522406282513259e+00
6.962965312500310588e+00
6.931493096585628955e+00
6.961674651700586303e+00
6.937532232829811463e+00
6.959849809150904676e+00
6.933481797395112167e+00
6.952316706765510723e+00
6.871281074646873321e+00
6.904778632364060975e+00
6.869762782110593768e+00
6.896526484069161356e+00
6.934691182471611093e+00
6.964054608230969556e+00
6.927046807901684033e+00
6.955752701965672635e+00
6.928310052271576147e+00
6.936922067839212502e+00
6.997552534503819643e+00
7.028800949880547932e+00
6.985120448870536514e+00
7.011586433540169416e+00
7.056375818903646291e+00
7.079683205381938293e+00
7.040163545757935459e+00
7.073378655287284822e+00
6.963492158854801772e+00
6.977146096026697109e+00
6.988354320202471825e+00
7.018954564248272021e+00
7.020707546040036995e+00
7.024863226199228983e+00
6.944832611589123239e+00
6.989486826211716242e+00
7.007454802595179721e+00
7.235565347005595171e+00
7.281774060662016268e+00
