8.958452263317351338e+00
8.841787999169390844e+00
8.802388056960332108e+00
8.440036447911454687e+00
8.727513129383087431e+00
8.218145168158354608e+00
8.220697181847777202e+00
7.926874805994255979e+00
8.967276944860536503e+00
8.565031735393013435e+00
8.977784338379299456e+00
8.539188086062670990e+00
8.535160601777894485e+00
8.552762213694069970e+00
8.545652235435367672e+00
8.542769039899029693e+00
8.532264403594531643e+00
8.546631584525611558e+00
8.541318735914668281e+00
8.536857710341960725e+00
8.533129826258671002e+00
8.558057560283458542e+00
8.571372097309550853e+00
8.553155038930862375e+00
8.555187764838581899e+00
8.542609705572109746e+00
8.550448243379403124e+00
8.568701293225654325e+00
8.574899305241300951e+00
8.560337897441380406e+00
8.568606658973733303e+00
8.989986437183505430e+00
8.516124027348910275e+00
8.997142410219003850e+00
8.498627852939693028e+00
8.522987865336261848e+00
8.527154982348253753e+00
8.531958429444838288e+00
8.526949031217492703e+00
8.523553358828971582e+00
8.524378854329247801e+00
8.525099698039689144e+00
8.525242680512906901e+00
8.524842795272776996e+00
8.523850420316810172e+00
8.524641031121486634e+00
8.515045481595853616e+00
8.521696988065015077e+00
8.522570475129924716e+00
8.523284778510641146e+00
8.520338371007937894e+00
8.521522694523614661e+00
8.516285956259427081e+00
8.518004439224940327e+00
8.518838790930102434e+00
8.514889028035289797e+00
8.515965679523580079e+00
8.534600407666232513e+00
8.536585517048672855e+00
8.528878183586146022e+00
8.532970477694487244e+00
8.542959286676465425e+00
8.544938144227035792e+00
8.537529777833672284e+00
8.541640925801623041e+00
8.528993229116323960e+00
8.532991470478801688e+00
8.528213622461461085e+00
8.531969040714470154e+00
8.537052487786995769e+00
8.540898676346085239e+00
8.535734932271452635e+00
8.539432811447410288e+00
8.552195047659862936e+00
8.553758754988347590e+00
8.546297802435793400e+00
8.550114549131656361e+00
8.560145120025000054e+00
8.560941769067287765e+00
8.553864558806649754e+00
8.556126830119470839e+00
8.544845973233787362e+00
8.548080930132282873e+00
8.542863670281764854e+00
8.545595014837502390e+00
8.550819837129367329e+00
8.551732237844477780e+00
8.547385685980691150e+00
8.547395394928416934e+00
8.526585036970523390e+00
8.530179134249262773e+00
8.524316658756337262e+00
8.527902565356638931e+00
8.533913714458648769e+00
8.537163536331799918e+00
8.530941466228021852e+00
8.534687135753150855e+00
8.521538743211364064e+00
8.524603176051888553e+00
8.518053603676845498e+00
8.521201872253868714e+00
8.527863040518866455e+00
8.532585761034271243e+00
8.523949391418721433e+00
8.525265591951795230e+00
8.540982120584470039e+00
8.543195172187548536e+00
8.538769006498146297e+00
8.541221650346596306e+00
8.544314902903558107e+00
8.543721491950751812e+00
8.541783516567162948e+00
8.541094653384520896e+00
8.531907479781102310e+00
8.535000252351949257e+00
8.530044445777013706e+00
8.530328588160861258e+00
8.526532468547411980e+00
8.530029360740684297e+00
8.532707249358397306e+00
8.532776553670260000e+00
8.532547182171594358e+00
8.532399808368529293e+00
8.535516588855202258e+00
8.535399150885600861e+00
8.532963495125619247e+00
8.532734125275485582e+00
8.532605717851273752e+00
8.532611992308479998e+00
8.533295967720437858e+00
8.532880693665187977e+00
8.533337793131403615e+00
8.533547596579735384e+00
8.505544762923884505e+00
8.509957490126916824e+00
8.511393584786105748e+00
8.512333168914652859e+00
8.508053314591633054e+00
8.508862794187448841e+00
8.504466853109166280e+00
8.505016184572200544e+00
8.505188666180513835e+00
8.502178384418831669e+00
8.501962024219768210e+00
8.499644065273532334e+00
8.501331168581774733e+00
8.499193173815193347e+00
8.498705729207447490e+00
8.496395545558588225e+00
8.496195627784357995e+00
8.498525091209812032e+00
8.496959520120469733e+00
8.496531233751177581e+00
8.498770918433415034e+00
8.498613135766394322e+00
8.514040812695169436e+00
8.516538400830423683e+00
8.509649452030423333e+00
8.511274090008283721e+00
8.519238721604937226e+00
8.521385939690139466e+00
8.512565424268922598e+00
8.512993207545207497e+00
8.505348615935526269e+00
8.505988735880034568e+00
8.501298034961127570e+00
8.501070442740687128e+00
8.506009144349548023e+00
8.504830987557928879e+00
8.500000356905470511e+00
8.497585823628472923e+00
8.524319525085566340e+00
8.528255613812811831e+00
8.520556998613551869e+00
8.522682238481538164e+00
8.530130907254704908e+00
8.530676470304809911e+00
8.524679008057931995e+00
8.524448224682172892e+00
8.514557170019706689e+00
8.516775468096756896e+00
8.510411144528177374e+00
8.511187970140847270e+00
8.517866471686000196e+00
8.517884922324894248e+00
8.512099933683320074e+00
8.511711767656358063e+00
8.530315592548909365e+00
8.530766794678124043e+00
8.524410982920123558e+00
8.524806729054233756e+00
8.531448983834605926e+00
8.532218604816693031e+00
8.525729863694346378e+00
8.526632659438869055e+00
8.517663849546766031e+00
8.518174236134619548e+00
8.511494465798099540e+00
8.511892271631197104e+00
8.519090395751382161e+00
8.520264507775838325e+00
8.512825104471570370e+00
8.514083953236635693e+00
8.505189451177646021e+00
8.506140293639509409e+00
8.501524450339291050e+00
8.501360265248901982e+00
8.506531036984862126e+00
8.506097570858750956e+00
8.501452443364263090e+00
8.500524712787516535e+00
8.496875546683986258e+00
8.496803747424523934e+00
8.493621521048160261e+00
8.492504381883605902e+00
8.496336334790616007e+00
8.495236908154804922e+00
8.491679285689478718e+00
8.490041757188556915e+00
8.505595733668503300e+00
8.505862424471429151e+00
8.499844818105389166e+00
8.499844077353822414e+00
8.506684150332372241e+00
8.507938049123140445e+00
8.500458739674453312e+00
8.501574760287670784e+00
8.494156343563586731e+00
8.493849871549969066e+00
8.488653119284084170e+00
8.487920617894689101e+00
8.494142105844657564e+00
8.494984441332695368e+00
8.487790049238240542e+00
8.488215659995450579e+00
8.497535901200770070e+00
8.496647306741884620e+00
8.494387009634342789e+00
8.492973777457530460e+00
8.494757681559933715e+00
8.491329056934674213e+00
8.490171049515065960e+00
8.486321851038596265e+00
8.494241535038979052e+00
8.491775123328517694e+00
8.496247987771512911e+00
8.493052762742040684e+00
8.488391359132881675e+00
8.483416183249470777e+00
8.487524267801552114e+00
8.479421635101342503e+00
8.489594942056523763e+00
8.488494081406482650e+00
8.486872554190272311e+00
8.484854725624067839e+00
8.487112457999700155e+00
8.485208786609005571e+00
8.483088041688645831e+00
8.480629094954398539e+00
8.483659493180461197e+00
8.481677707534815980e+00
8.481679565896003581e+00
8.479013313001749097e+00
8.479404378642549034e+00
8.476610246653418557e+00
8.476451566939978477e+00
8.473142134350638344e+00
8.483333057686877510e+00
8.482140570621087505e+00
8.478347616178474766e+00
8.476608752653262968e+00
8.481482457590708179e+00
8.481349668037859502e+00
8.475338441830800207e+00
8.474519152804536049e+00
8.473799550193028551e+00
8.471506480533300021e+00
8.469887502812980529e+00
8.467007993203642613e+00
8.469561155205589387e+00
8.467948864726166036e+00
8.464366338389769595e+00
8.461899472767729691e+00
8.479249962694753506e+00
8.476485557782222457e+00
8.476640766226179124e+00
8.473972844957193828e+00
8.473725735327580111e+00
8.470156062318888956e+00
8.470506782074204821e+00
8.467021402142492548e+00
8.474760406333754048e+00
8.470914297418481453e+00
8.474539523729935908e+00
8.469586355459210125e+00
8.467929235588343317e+00
8.463600503830551958e+00
8.465700664807286557e+00
8.462254039640884073e+00
8.466413409074608154e+00
8.463004883426290093e+00
8.462838579016617402e+00
8.458978569680972726e+00
8.459687457663212840e+00
8.456377726346742563e+00
8.455096430284768871e+00
8.451041689556173964e+00
8.459712930149246191e+00
8.455377833055566228e+00
8.457693692760933857e+00
8.453566283892191890e+00
8.451109868109845991e+00
8.446520217737065295e+00
8.449002118851256071e+00
8.444150879865690129e+00
8.577719013024251993e+00
8.112866310728165331e+00
8.630182538781951962e+00
8.534106829931006999e+00
8.598274860024597288e+00
8.589019607930046263e+00
8.570250444502571341e+00
8.543924141787304194e+00
8.544334628888067940e+00
8.444976396740250024e+00
8.476605914056111857e+00
8.353665471681338772e+00
8.260975535592613994e+00
7.985826818885123579e+00
8.282987403039753005e+00
8.150038092336892248e+00
8.208250919840530457e+00
8.065038717950375968e+00
7.996699046775665565e+00
7.888443902022807208e+00
7.936965465516174767e+00
7.826522493798184321e+00
7.733594899311598603e+00
7.474893898431852257e+00
7.765214855722351928e+00
7.584999342398735855e+00
7.771810543253959480e+00
7.682111513881682896e+00
7.726429702481268258e+00
7.634336569473453515e+00
7.582057039456794989e+00
7.506002213851976634e+00
7.546028110021570257e+00
7.463553402164102124e+00
7.438038079835020966e+00
7.337013136104382660e+00
7.421093618002989167e+00
7.358238074175529775e+00
7.386714673309505486e+00
7.321150970740510466e+00
7.299053868304739900e+00
7.262202474636939797e+00
7.269493161843388229e+00
7.233380440739006545e+00
8.562849918251369985e+00
8.559465579214561970e+00
8.555530924889884758e+00
8.550240598904398581e+00
8.547039776187027371e+00
8.532813458986284516e+00
8.536127426802018192e+00
8.511619241174907202e+00
8.549497865283173681e+00
8.541092527273660195e+00
8.543947102262562154e+00
8.533908864431182906e+00
8.523245521960324922e+00
8.491904041096326239e+00
8.513296065605716834e+00
8.477839183731807893e+00
8.493802807372755836e+00
8.456312354020223410e+00
8.471408313914331245e+00
8.416182432817047143e+00
8.377830561943410359e+00
8.319070370021639960e+00
8.346401744012057478e+00
8.271452638901557464e+00
8.445379626248353588e+00
8.383575906330030136e+00
8.425843688411285726e+00
8.359190971064542452e+00
8.311794931608964987e+00
8.234657853546993422e+00
8.283714426793897800e+00
8.205109867455092854e+00
8.539716937801015817e+00
8.529035938967636454e+00
8.537347218035815644e+00
8.527040125958043504e+00
8.506935193242775028e+00
8.468456612355680591e+00
8.504633454947555293e+00
8.463788297920574522e+00
8.533040037922717147e+00
8.524625672216215477e+00
8.532324300281178608e+00
8.530696239109907708e+00
8.533680984558206006e+00
8.532678018146999221e+00
8.526624913349431623e+00
8.521979131970109478e+00
8.530352482060852282e+00
8.525747147635316381e+00
8.503676160890812241e+00
8.461946529199593670e+00
8.510067635806105812e+00
8.499394856437708867e+00
8.517174753050769098e+00
8.504437764670093713e+00
8.473702953085432199e+00
8.453646642786079468e+00
8.483643673070423219e+00
8.457160371667967524e+00
8.411577056268198405e+00
8.339690690601528900e+00
8.401824549680755538e+00
8.323627099930373419e+00
8.260006956912418374e+00
8.179371880094681302e+00
8.238746238547410172e+00
8.155357146506215571e+00
8.395230511398837692e+00
8.309815361631505581e+00
8.410566551149598169e+00
8.380581423381540773e+00
8.419706496203403390e+00
8.378508536441737320e+00
8.324480430424333832e+00
8.288858594930863077e+00
8.328400406617225471e+00
8.279863449141691589e+00
8.218516222185551001e+00
8.131478252205395663e+00
8.229545464523337017e+00
8.193905617960149712e+00
8.227203485663034499e+00
8.180074838534942216e+00
8.138674732061334183e+00
8.106284832632260517e+00
8.131992975855466099e+00
8.090489058599864336e+00
8.226427265471206951e+00
8.165460066890005919e+00
8.192837352410872853e+00
8.118857936800653263e+00
8.077243559318683097e+00
8.021890430580178588e+00
8.046019076598076580e+00
7.981348621446018754e+00
8.157967876380373795e+00
8.084402394712521200e+00
8.128436357755624897e+00
8.056206856416419981e+00
8.015703802799922784e+00
7.952628008547187655e+00
7.989684877350373249e+00
7.928965916273893910e+00
7.946061647346384760e+00
7.898287554116691922e+00
7.919351541275512218e+00
7.864426454701231251e+00
7.833212561110989292e+00
7.791188767349060740e+00
7.811084116652504683e+00
7.762978440488223164e+00
7.894706689816824330e+00
7.841394984486321995e+00
7.873542784553151819e+00
7.822594684446522173e+00
7.791681982916546900e+00
7.744917112298394635e+00
7.775227093652453014e+00
7.730619382871085854e+00
8.102467049844836566e+00
8.031419578336109311e+00
8.077962294432165180e+00
8.008052553811157992e+00
7.966864126748570030e+00
7.908461146301382527e+00
7.945550880805518190e+00
7.889678891397821303e+00
8.053194685912943740e+00
7.984345523776816833e+00
8.057736425309098394e+00
8.029455859996959433e+00
8.049082910039770056e+00
8.013732861143813224e+00
7.987489743509409656e+00
7.963029241156265314e+00
7.978521988386162000e+00
7.948476291398709925e+00
7.924035448949992677e+00
7.870970530445331903e+00
7.926696468651813099e+00
7.905474060023652605e+00
7.918367232589340610e+00
7.892631821691274752e+00
7.873769880477699878e+00
7.855216139772180917e+00
7.866642332516059710e+00
7.844392020920336606e+00
7.855484445730170684e+00
7.806967604151425100e+00
7.839424545363163688e+00
7.793710509094905703e+00
7.761998009525044040e+00
7.719695432189289441e+00
7.751523789497745121e+00
7.711995601649702436e+00
7.823852757787336465e+00
7.781445989848325695e+00
7.827247562293696781e+00
7.810837888448650013e+00
7.821715507540469403e+00
7.802237028825052434e+00
7.785790373191417757e+00
7.771029509628475829e+00
7.782141388960567063e+00
7.764765205674104998e+00
7.742630775673431387e+00
7.706516787557387893e+00
7.748172301604010492e+00
7.734631762744443861e+00
7.746581695554544567e+00
7.730737145406264332e+00
7.713403881797876949e+00
7.700800432939165496e+00
7.713971182394686821e+00
7.699319454068751511e+00
8.532631384578246880e+00
8.532535636964928116e+00
8.527590772624249027e+00
8.528052007778514465e+00
8.531109107230573585e+00
8.527741471725914124e+00
8.527748180165639624e+00
8.525554605832954991e+00
8.521511169276587694e+00
8.522679672548649776e+00
8.515629336569976005e+00
8.517297468721311660e+00
8.523239908525658493e+00
8.522452600485888041e+00
8.518743941320266799e+00
8.519207590971690891e+00
8.520763071544941170e+00
8.508935355822584867e+00
8.520348890334886960e+00
8.510012533349815556e+00
8.489704579969323817e+00
8.462200728334760669e+00
8.492399967045731302e+00
8.465264644128376759e+00
8.518851775988983022e+00
8.510452123092536070e+00
8.517349460087771718e+00
8.510935508570304009e+00
8.494448269184156075e+00
8.468234879943958404e+00
8.496865211026380038e+00
8.471713980564652857e+00
8.509624876881478173e+00
8.511682832643126417e+00
8.503257713763735737e+00
8.505532022198915243e+00
8.513854659496439936e+00
8.515510453548822412e+00
8.508261861467547149e+00
8.510967063221713147e+00
8.496493497517956683e+00
8.498781952601516920e+00
8.489364698211037563e+00
8.491432427539606920e+00
8.501847337966587759e+00
8.505389910149597554e+00
8.494551358808559272e+00
8.498620114438010020e+00
8.515364411573433046e+00
8.511114270941179782e+00
8.512493017004009843e+00
8.510526498636830084e+00
8.499222083321372523e+00
8.475427569345562517e+00
8.501130372131914470e+00
8.479016532380930116e+00
8.508452883582865667e+00
8.508820067989347535e+00
8.502954561632696695e+00
8.505550547070727774e+00
8.502217201641041555e+00
8.482162715798644115e+00
8.501957635855452722e+00
8.484364629021122539e+00
8.424927744968846000e+00
8.380015781501473526e+00
8.427727973239157677e+00
8.380906174195276392e+00
8.328915541749633888e+00
8.275860790717606719e+00
8.327746495098168111e+00
8.272103868958392781e+00
8.430276532258512034e+00
8.381757226453659726e+00
8.433383472027372818e+00
8.382851653588446084e+00
8.326128050044895090e+00
8.267935001098868142e+00
8.324336152548990952e+00
8.263227326368467018e+00
8.222636792465896960e+00
8.172053881766474959e+00
8.217065436082366503e+00
8.164946556954841839e+00
8.124457319216048745e+00
8.080811008520601746e+00
8.116612249010236368e+00
8.072566761896167620e+00
8.210879063898286034e+00
8.157341543543422446e+00
8.203920372502894409e+00
8.148942061627877820e+00
8.108327336099534932e+00
8.063999953930849784e+00
8.099243755478498841e+00
8.054777051821233158e+00
8.436675496335187319e+00
8.383748394555329497e+00
8.439810679481606570e+00
8.383893426605707688e+00
8.321730404739973608e+00
8.257245893759053601e+00
8.317553667545203311e+00
8.249078972625865092e+00
8.442409865302465732e+00
8.382608768513813757e+00
8.443900368741559248e+00
8.378844779326120928e+00
8.310763804296513513e+00
8.237506424320526932e+00
8.299787002140137204e+00
8.220750621033619865e+00
8.195435644221435112e+00
8.138993604532529957e+00
8.184509622672813123e+00
8.126605807795444392e+00
8.088690329863508666e+00
8.044220194498874932e+00
8.075835415698852771e+00
8.031536612770594274e+00
8.169904149097428459e+00
8.110590674114911636e+00
8.149880659116242043e+00
8.089293206910067369e+00
8.059534443115135005e+00
8.015619195634755556e+00
8.038184092241955625e+00
7.994898173488362403e+00
8.481944011584628740e+00
8.483528822743814146e+00
8.474367200283509760e+00
8.475185345564847594e+00
8.486353204743162237e+00
8.490532412131463147e+00
8.477326128828449825e+00
8.481071797134623225e+00
8.466877626502954612e+00
8.466663910793155168e+00
8.459789968611799438e+00
8.458313078982003574e+00
8.467694004830949694e+00
8.470376868294568595e+00
8.457841681830986502e+00
8.458813264726320114e+00
8.495680266362198196e+00
8.500162984912199349e+00
8.486360590410017224e+00
8.492030757332900137e+00
8.499584332372963402e+00
8.484845971773825823e+00
8.494064938275375454e+00
8.482436433572354773e+00
8.474914367298293172e+00
8.480617805250719954e+00
8.461539065308709695e+00
8.465693098724480947e+00
8.484187586762233835e+00
8.475648005703055432e+00
8.469228491760665278e+00
8.461494054415723554e+00
8.453186962704329233e+00
8.450325215652215505e+00
8.446868419021420493e+00
8.442674347809672852e+00
8.448076089983235448e+00
8.446768936250760973e+00
8.438587019001589695e+00
8.434743636510615872e+00
8.441597981296569131e+00
8.436336589210483794e+00
8.438840290947169365e+00
8.432999928124621292e+00
8.430701280684210985e+00
8.424838526803556604e+00
8.426570751983939900e+00
8.418864158888014870e+00
8.446658118656175773e+00
8.448061900228710286e+00
8.431626720629271432e+00
8.426897535759128033e+00
8.446944378617084581e+00
8.438763294818464544e+00
8.421000786525571158e+00
8.403715295367160110e+00
8.417367069591582762e+00
8.408761572079990643e+00
8.409931679636242663e+00
8.395243730800947546e+00
8.392391875380196709e+00
8.367112151509907392e+00
8.374722988010526947e+00
8.338331755149654967e+00
8.443438079413821740e+00
8.371064734960967257e+00
8.439931058657345275e+00
8.357227145826842118e+00
8.282349044662742799e+00
8.196387926121129652e+00
8.255466741707536471e+00
8.161554942053477646e+00
8.431917557592637280e+00
8.335067436159084409e+00
8.418157719321079924e+00
8.302378731033252635e+00
8.216009950202018075e+00
8.113754050348687130e+00
8.161667149988945269e+00
8.053582767361799455e+00
8.122174492462896467e+00
8.060587603416752955e+00
8.084306386562492008e+00
8.022299863859567282e+00
8.009738494101499739e+00
7.967345145119419492e+00
7.972163009183263149e+00
7.930989134059737822e+00
8.034778531475781804e+00
7.973656043395475734e+00
7.976115036766529443e+00
7.917688099323473949e+00
7.925000022045126435e+00
7.885690504698812830e+00
7.872627453906797079e+00
7.836037971157640669e+00
8.394116893185138650e+00
8.258474926939719296e+00
8.358270203779870400e+00
8.203570258482747235e+00
8.093898711627559805e+00
7.988267949834408910e+00
8.020623910402969514e+00
7.929115124786320301e+00
8.314295954682171086e+00
8.145453148348584804e+00
8.285942451490749150e+00
8.092613825943718808e+00
7.952800930430489856e+00
7.885076721258259980e+00
7.909935793591602149e+00
7.863196175953008904e+00
7.917042404160166136e+00
7.864195822596840024e+00
7.869645033289160985e+00
7.827554978919766704e+00
7.826468385582792564e+00
7.796846383020086257e+00
7.807467537074318287e+00
7.791151464781390423e+00
7.843601117141860257e+00
7.817166095873046672e+00
7.836543608316196341e+00
7.829783038073472312e+00
7.847832350343217911e+00
7.846291736339436440e+00
7.946057443656890484e+00
7.948418753302702200e+00
8.040637924568180495e+00
8.004023042875466842e+00
8.032421505245217475e+00
7.996045696366642197e+00
7.970383430543011904e+00
7.939563417957735680e+00
7.962775628726849853e+00
7.932473631665258651e+00
8.024039604625901489e+00
7.987939020315480754e+00
8.015034990463201225e+00
7.979360290342001782e+00
7.955202836801400501e+00
7.925369294356506167e+00
7.947148452154287668e+00
7.917904624428050653e+00
7.911140530184790798e+00
7.884933768709562862e+00
7.904557595428442163e+00
7.879025802336113493e+00
7.860687279426053387e+00
7.838207574173176262e+00
7.855398870761937324e+00
7.833754348678767521e+00
7.898120507896524423e+00
7.873166562977066185e+00
7.891277269475857281e+00
7.867018495698344438e+00
7.850342223861948021e+00
7.829431519958569119e+00
7.844955432392302086e+00
7.824929294128929236e+00
8.004830503573300504e+00
7.969698092967791858e+00
7.992675311674425132e+00
7.958234372434911386e+00
7.938106992637685266e+00
7.909522896908503853e+00
7.927394300890741263e+00
7.899578335413294461e+00
7.977488456471233391e+00
7.943922961405120553e+00
7.957727579604052970e+00
7.925260748142066269e+00
7.914000000673570234e+00
7.887112972401324029e+00
7.896483425929606170e+00
7.870776581637604963e+00
7.883586843356298779e+00
7.860082789423074701e+00
7.874438780110503799e+00
7.851797058310194366e+00
7.838870501103701649e+00
7.819822337810369284e+00
7.831564802106003143e+00
7.813647735351693768e+00
7.862928948429843246e+00
7.841317062766197665e+00
7.847802833728015237e+00
7.827481067871610243e+00
7.822255546693203776e+00
7.805691086505481380e+00
7.809871912519807502e+00
7.794982361926913406e+00
7.817333144959242475e+00
7.797828346852191395e+00
7.813636353914395372e+00
7.795126241911892961e+00
7.779579221355715113e+00
7.762317326363540104e+00
7.777750355799825321e+00
7.761590879675359211e+00
7.810296279490355431e+00
7.792690534402780145e+00
7.806766010787858256e+00
7.790251562902613003e+00
7.776447614629071303e+00
7.761297391744869323e+00
7.775144218376683902e+00
7.761196144806651986e+00
7.745987399898922376e+00
7.730340453552761559e+00
7.746193084207246393e+00
7.731700134380223410e+00
7.715422580423911825e+00
7.701059345744243778e+00
7.717748869391699351e+00
7.704606624625017552e+00
7.747100737443036955e+00
7.733650746284593147e+00
7.748186348592447814e+00
7.735955132220432517e+00
7.720932362528244219e+00
7.708887762149753797e+00
7.724429071834307159e+00
7.713645501175339980e+00
7.802764673838985310e+00
7.787463567138041221e+00
7.797870615145991557e+00
7.783959548539869822e+00
7.773636868446371473e+00
7.760997996113447428e+00
7.771578329800979290e+00
7.760386612571419818e+00
7.791433008507516966e+00
7.779139857693361471e+00
7.782574300341040363e+00
7.772195063774723245e+00
7.768397995142475310e+00
7.758803617140221043e+00
7.763324380652520951e+00
7.755492007491669781e+00
7.749293124201748206e+00
7.738349283691932534e+00
7.750096648375215835e+00
7.740520195857081731e+00
7.728101586293313119e+00
7.718621881208697744e+00
7.731610678188535424e+00
7.723482076711032818e+00
7.750030958979564844e+00
7.741885392777982489e+00
7.748329974040058410e+00
7.741655211429342209e+00
7.734348372210313904e+00
7.727592407605839320e+00
7.735500664595245546e+00
7.730108568738045527e+00
7.931388064128480408e+00
7.900270234360565524e+00
7.896429023573598549e+00
7.866889502413412671e+00
7.872980852184925382e+00
7.848856653697906083e+00
7.841568119272710469e+00
7.819760861782738104e+00
7.852407106009425597e+00
7.824495857289029743e+00
7.804771307423807869e+00
7.776854490843914114e+00
7.801659285349103357e+00
7.783487715478517366e+00
7.757246545603585730e+00
7.744369900567680709e+00
7.827510117330542805e+00
7.808850955548999551e+00
7.800657013742469559e+00
7.784104798290983673e+00
7.793097346550486471e+00
7.780343113254776455e+00
7.770690853438082080e+00
7.760725182348497952e+00
7.767495118313349600e+00
7.753381187717645062e+00
7.733262094532324937e+00
7.720734449016258161e+00
7.742591960113369254e+00
7.736211798896603042e+00
7.712411379266495892e+00
7.710218367094778813e+00
7.767059308063662293e+00
7.736373506825906077e+00
7.760596402406801708e+00
7.719767763633270441e+00
7.719582057540918640e+00
7.715921454282374192e+00
7.708866663438521449e+00
7.718873243211719526e+00
7.805160897076491189e+00
7.736025016412586552e+00
7.886709588787263137e+00
7.772449247769306346e+00
7.746881312387738028e+00
7.774553698881576658e+00
7.824885520100530734e+00
7.867185554249231494e+00
7.710398586237348084e+00
7.696974838601013502e+00
7.718103347175754969e+00
7.696076159588466581e+00
7.690074513910892584e+00
7.692815402329388874e+00
7.691814485833913473e+00
7.700570381629085581e+00
7.772803658925445447e+00
7.722913162737041759e+00
7.855277393254484153e+00
7.761910591333906595e+00
7.733262269739763717e+00
7.747247313967423388e+00
7.799128175897196869e+00
7.820167808375003027e+00
7.770242804408640680e+00
7.762153757303935642e+00
7.753519942622182803e+00
7.748168981778103870e+00
7.755440694477534258e+00
7.749556702224663418e+00
7.743957643330228180e+00
7.740282353799899262e+00
7.732629016180216475e+00
7.730468499772908508e+00
7.711052910138899819e+00
7.712020485756807098e+00
7.729088045669845641e+00
7.728012440285207063e+00
7.714103377067340617e+00
7.715807153280406006e+00
7.744096316392510282e+00
7.738903020875601335e+00
7.736580370620909086e+00
7.732845961480040664e+00
7.734129212767960837e+00
7.730087000428487620e+00
7.729490229233744181e+00
7.726846526516881752e+00
7.726075895936007853e+00
7.723718823422845325e+00
7.715793826391457166e+00
7.714217801287853504e+00
7.721896783564686118e+00
7.720936495290152912e+00
7.714703715041814291e+00
7.715727813245852218e+00
7.697563559160519375e+00
7.700512249779145613e+00
7.705837387560918295e+00
7.706191276841981797e+00
7.706934509774423070e+00
7.712818934483452793e+00
7.722358918495423552e+00
7.733656256608400170e+00
7.748175167576373035e+00
7.734170104134804546e+00
7.810947695483146269e+00
7.771401522227312952e+00
7.776354528287439116e+00
7.793026424734927460e+00
7.852630289663752094e+00
7.872181824229070202e+00
7.713271816856061669e+00
7.711254060204304039e+00
7.731534622967058290e+00
7.723560099790452327e+00
7.715521057028857044e+00
7.720019625492624549e+00
7.737305058595499219e+00
7.747743045580069321e+00
7.781682550474432247e+00
7.755351390415792245e+00
7.848350660762259068e+00
7.793608480529366389e+00
7.793662182309345710e+00
7.810659639474420324e+00
7.866548861746355925e+00
7.889280976813546786e+00
7.732803622392451004e+00
7.694069415083065522e+00
7.715094230536252873e+00
7.670910945649214163e+00
7.639713297284171034e+00
7.603100658743719542e+00
7.625924926551728156e+00
7.583841576777732740e+00
7.700229734225006339e+00
7.657097102530975974e+00
7.688033150861969922e+00
7.646873094463822795e+00
7.614943788136135261e+00
7.573451024295615674e+00
7.606640002768116915e+00
7.566912822216243839e+00
7.550960667878428012e+00
7.515375511159861688e+00
7.540321249130902181e+00
7.499331908478628073e+00
7.465705448017915913e+00
7.432212640483712995e+00
7.457070107563731121e+00
7.418109263834812062e+00
7.532286347246441416e+00
7.491349052591096402e+00
7.527341939670971982e+00
7.487694820112662519e+00
7.450791538359030852e+00
7.411147100871660065e+00
7.448051866223538653e+00
7.408928925862876547e+00
7.679388483103219087e+00
7.640487223754067081e+00
7.674475888533031309e+00
7.638511518974743453e+00
7.602566575973934704e+00
7.565134633902137473e+00
7.603729888559895400e+00
7.569645931890922164e+00
7.672557498038341528e+00
7.640520204838076701e+00
7.680908212817542768e+00
7.669147937447039709e+00
7.683778161047049693e+00
7.670285455417364062e+00
7.650548048952378721e+00
7.639650770458749740e+00
7.656060017609104484e+00
7.643863649598253041e+00
7.610231880359976664e+00
7.581188174628775478e+00
7.622336338222322816e+00
7.612229057803860499e+00
7.631058187343951360e+00
7.620110923422575233e+00
7.595900906349776882e+00
7.586218199732980949e+00
7.608437379038250903e+00
7.598185284950810470e+00
7.527752725768322328e+00
7.489960053755464031e+00
7.535568926792475253e+00
7.500733480699850908e+00
7.451691005855034078e+00
7.413412758832607530e+00
7.464716998985876373e+00
7.427954830209879233e+00
7.552345546017535050e+00
7.522368466907469298e+00
7.570115442537818318e+00
7.560208153419329946e+00
7.586786408766617029e+00
7.576217575926989412e+00
7.543318550621044949e+00
7.532531237758349540e+00
7.563950915833903110e+00
7.552055540656805732e+00
7.490334049627413116e+00
7.456559867501989736e+00
7.514133937575250499e+00
7.502222600594562252e+00
7.538104003874238401e+00
7.524497814328246825e+00
7.482499253663983829e+00
7.469964637667763974e+00
7.508992941614330618e+00
7.494376339713518576e+00
7.386552015462854115e+00
7.356590900543343636e+00
7.379058154724628338e+00
7.344754711349915866e+00
7.318365168438864643e+00
7.295003614005298509e+00
7.312511026732184227e+00
7.286820219725078651e+00
7.373290699162777351e+00
7.338416599365145565e+00
7.371440417719863802e+00
7.337147105019521831e+00
7.307902384848896205e+00
7.282884401396247931e+00
7.307854179344435153e+00
7.285042127414289581e+00
7.267032255880925717e+00
7.251132883559236575e+00
7.264766433987136729e+00
7.249003422635825977e+00
7.232952009789869408e+00
7.222942262611746322e+00
7.236137377258559766e+00
7.226995638125504939e+00
7.263920395204394254e+00
7.250639146272453317e+00
7.269452642696194289e+00
7.260680203062404026e+00
7.241887523415302397e+00
7.235620426309240294e+00
7.257188637540520126e+00
7.256350771218498252e+00
7.376507502124775684e+00
7.342989070620490999e+00
7.392075352163326230e+00
7.359713139792116721e+00
7.315230201582824776e+00
7.295119335114324421e+00
7.333797167553064433e+00
7.316656816191733803e+00
7.423063125494057779e+00
7.393166187038798576e+00
7.450308292140369382e+00
7.438381160762843614e+00
7.478657692883930785e+00
7.464731257505582640e+00
7.421048705743527485e+00
7.411221314366588153e+00
7.450885727327976937e+00
7.439593109344471600e+00
7.370339234697898867e+00
7.357127605649224300e+00
7.398449439357286828e+00
7.391906216462231782e+00
7.429505460618134549e+00
7.422251156865353749e+00
7.385258615567916962e+00
7.382724097147655762e+00
7.417118625447410629e+00
7.414766014177167186e+00
7.283642990320191579e+00
7.280393824280632309e+00
7.309464185416200799e+00
7.312039490560476196e+00
7.283624705897305596e+00
7.290054286779957593e+00
7.322695652985214743e+00
7.337845867976442449e+00
7.354911370890651945e+00
7.364084245421322450e+00
7.383162099141785006e+00
7.385105432420425053e+00
7.415458836137220899e+00
7.418816967463528478e+00
7.393259329545518455e+00
7.399925096153899595e+00
7.426267376739015269e+00
7.436142676820408859e+00
7.383796391360884392e+00
7.411026290394636007e+00
7.415840063619069333e+00
7.426848573614111437e+00
7.450999870411526338e+00
7.467511346550795182e+00
7.449112271883983283e+00
7.462829761050957522e+00
7.489123427978000791e+00
7.510600052442072183e+00
7.687421591720688951e+00
7.674412149707956488e+00
7.692044564851172161e+00
7.680447715462570102e+00
7.662275743358037516e+00
7.650901530496210690e+00
7.669661731294789675e+00
7.660055421462643288e+00
7.697678263039712476e+00
7.687390057497743179e+00
7.703743816726751348e+00
7.694947978232614005e+00
7.678272915877594862e+00
7.670381365906587590e+00
7.687491198173495910e+00
7.681543309264464270e+00
7.640473380121067137e+00
7.630728108044690039e+00
7.651374846523038897e+00
7.643782362280333587e+00
7.621671765983505153e+00
7.612844137156571378e+00
7.636790794955601314e+00
7.630312479713648344e+00
7.663812098832424091e+00
7.658350415826013169e+00
7.677109909964539902e+00
7.674007796715089036e+00
7.653784059285893449e+00
7.649614805268440954e+00
7.671858230551631408e+00
7.670169139928336044e+00
7.710110443329977414e+00
7.702865410633882526e+00
7.716409203363068237e+00
7.710777032641801476e+00
7.697190660083649050e+00
7.693283488332936848e+00
7.706970336637651187e+00
7.705200140206376780e+00
7.721973354762940112e+00
7.717985936821107451e+00
7.725922114188906065e+00
7.723563865970377584e+00
7.716102990377550874e+00
7.716536188322115741e+00
7.723632312947287026e+00
7.726304671429737425e+00
7.691122258077947471e+00
7.690440510168271793e+00
7.705383342541385794e+00
7.707134350539647905e+00
7.690768300060616625e+00
7.691530185071608905e+00
7.709881750009705215e+00
7.712988921451504609e+00
7.719076434460758307e+00
7.723180042127808953e+00
7.731154738091944978e+00
7.737420209074755917e+00
7.728171735266372799e+00
7.733404395617784921e+00
7.744358961622750392e+00
7.751382743116970175e+00
7.604098589489352022e+00
7.594893529483426775e+00
7.623693431132062770e+00
7.616752856405946126e+00
7.585081311997348585e+00
7.574237679416929936e+00
7.608870163599442016e+00
7.599994648443654910e+00
7.645444483005480407e+00
7.640705516340664083e+00
7.668385327387881034e+00
7.665986315958306818e+00
7.635059448537788285e+00
7.628105766507095709e+00
7.662514239304170083e+00
7.657654744897230970e+00
7.562395483153321329e+00
7.549432091287967772e+00
7.589744091892235645e+00
7.578387649957835315e+00
7.535690780759545682e+00
7.521415815531686810e+00
7.565918433586307223e+00
7.552981334593550145e+00
7.619780477586031608e+00
7.610034528121633279e+00
7.651247078082507258e+00
7.643356263219762248e+00
7.599213809756435012e+00
7.587662221455850897e+00
7.634243167529533913e+00
7.624369637470924665e+00
7.692129519316543984e+00
7.692020159270249735e+00
7.715849955265799309e+00
7.717932890663365519e+00
7.690749646680902885e+00
7.688002158972688349e+00
7.718811032220936674e+00
7.718186801131484920e+00
7.738310539251343378e+00
7.742416589397522309e+00
7.758035816139050134e+00
7.763943360427889573e+00
7.745339682182077468e+00
7.746807092702877817e+00
7.768772097910489727e+00
7.772252713664200563e+00
7.683636218408374852e+00
7.677721601318701516e+00
7.715937406578063040e+00
7.712143080219497904e+00
7.670536852814449524e+00
7.662517979859233108e+00
7.707078635726321458e+00
7.701119722381635668e+00
7.746710459625189671e+00
7.745149370049340121e+00
7.774284629476484909e+00
7.775004629471024664e+00
7.742373945098274035e+00
7.738651029905516232e+00
7.774645025473081894e+00
7.773279515431052111e+00
7.727262813588503754e+00
7.726449916285781150e+00
7.725244025366572842e+00
7.725760735163780701e+00
7.728465159140353258e+00
7.733397176043311561e+00
7.729673092158424019e+00
7.736906183993030872e+00
7.720300068218369560e+00
7.721659812873341799e+00
7.715746010986365810e+00
7.716708950946375545e+00
7.727313594279323183e+00
7.736917677986111741e+00
7.724363430377978013e+00
7.735855053924425739e+00
7.740440122405216172e+00
7.748545879817664073e+00
7.745895530910126503e+00
7.755334873781592364e+00
7.757000126369004711e+00
7.765378416129421701e+00
7.764724765156737263e+00
7.773923260357133103e+00
7.747351006370454485e+00
7.757305852655240308e+00
7.746873892935512096e+00
7.755748369899735373e+00
7.766856840320000899e+00
7.776239175450031738e+00
7.764888651230827499e+00
7.773555306297786238e+00
7.719149063281610879e+00
7.717387487678650793e+00
7.742838906503119567e+00
7.731617385077629301e+00
7.727558729171903451e+00
7.741538067216271024e+00
7.749005803153433014e+00
7.764565196862881713e+00
7.798406596022029014e+00
7.763414244150141030e+00
7.868324237993421733e+00
7.800362415010979156e+00
7.797501080145798902e+00
7.814898310791589253e+00
7.856783939949973039e+00
7.876617916486119420e+00
7.749757159628887671e+00
7.755106751609489812e+00
7.766658350955878198e+00
7.762443024875576469e+00
7.764071375429166366e+00
7.771736351661682640e+00
7.775058702321844706e+00
7.782334445264694978e+00
7.807458173289615999e+00
7.783900714549103483e+00
7.862696230610473513e+00
7.812229279000231230e+00
7.811005118507983624e+00
7.817167078985868045e+00
7.862545352501412843e+00
7.868914397296924434e+00
7.773407856934016813e+00
7.780864104845597318e+00
7.782865322330379421e+00
7.791608727470317852e+00
7.787451407855336072e+00
7.792816592259193875e+00
7.799862834181328530e+00
7.806943264815304317e+00
7.785488284694167760e+00
7.795275045781307810e+00
7.782265670167920923e+00
7.792593119982221594e+00
7.805231978159766548e+00
7.813922050003677455e+00
7.805153963398530514e+00
7.815095166884481692e+00
7.796841441894943436e+00
7.799775238258416010e+00
7.812612114972150579e+00
7.817493760827999516e+00
7.801889950327312029e+00
7.802937839969501077e+00
7.822065369672123403e+00
7.825520362308804323e+00
7.820525221783772629e+00
7.826738250414066123e+00
7.821574881224201192e+00
7.827672642757737442e+00
7.833658665694492207e+00
7.839518792185795171e+00
7.837339084091675900e+00
7.845157743548838880e+00
7.777676550476599893e+00
7.787655840675808072e+00
7.781778475026911224e+00
7.787978158148861851e+00
7.804846626964028644e+00
7.816683399065476934e+00
7.815839976773755637e+00
7.830193501283340574e+00
7.807507261051274128e+00
7.801713071716029901e+00
7.849736068179576698e+00
7.825536644940553010e+00
7.853199474293766968e+00
7.867929040502327886e+00
7.907938515598558205e+00
7.921095319879223773e+00
7.820222607749481192e+00
7.823892247634231190e+00
7.826982492163661043e+00
7.822463072285877672e+00
7.837181776416142220e+00
7.847768860376334921e+00
7.844288058661348373e+00
7.856827905550353819e+00
7.854733993319242380e+00
7.832835071200944022e+00
7.897785392468984256e+00
7.853105198266844944e+00
7.871668617713588390e+00
7.884470165781616302e+00
7.913391587823737083e+00
7.924982827088618009e+00
7.507229416263093036e+00
7.493564392123913898e+00
7.539880662063754180e+00
7.527416488202375078e+00
7.481084484566445703e+00
7.470076640375678423e+00
7.515889013786902773e+00
7.505899164195668050e+00
7.576030026263913086e+00
7.564785459565399606e+00
7.614267652151545107e+00
7.604467702873348500e+00
7.554498598375983143e+00
7.545397940297450035e+00
7.595352151957547981e+00
7.587167417745126485e+00
7.461052545026233496e+00
7.454019057625970390e+00
7.497524124809487489e+00
7.491123414684300208e+00
7.449458155930497760e+00
7.447241683929365585e+00
7.486728927725603278e+00
7.484732687920278238e+00
7.537774514743113663e+00
7.531673116691485426e+00
7.580024701220465566e+00
7.574048675249273721e+00
7.527374760473427351e+00
7.525096100684033118e+00
7.569437715660353838e+00
7.566588626210889679e+00
7.654152058076830301e+00
7.645863740336916514e+00
7.694638135671657331e+00
7.687903871434031977e+00
7.637933486997864563e+00
7.630498071788553993e+00
7.681062247194125447e+00
7.674161388329324929e+00
7.734145853695461703e+00
7.728926286206859508e+00
7.770768477769246729e+00
7.766935308146450723e+00
7.722992101629134964e+00
7.716341649551368143e+00
7.761676406389976357e+00
7.754973314550539953e+00
7.623629488281544297e+00
7.617451408107407396e+00
7.667266346109625097e+00
7.660566401228029676e+00
7.612234547400821505e+00
7.608456125240588008e+00
7.654438859992525046e+00
7.649468602827453445e+00
7.709081683727089462e+00
7.701534859782424469e+00
7.747015016113666164e+00
7.738327421442419585e+00
7.694237698713941143e+00
7.687892364636274678e+00
7.729665722368628700e+00
7.721855858187944399e+00
7.448081087674479406e+00
7.451800579568812033e+00
7.485396771390207427e+00
7.489299633971628900e+00
7.459411151974180143e+00
7.470501996935387190e+00
7.496934685968552614e+00
7.508897704678265228e+00
7.525416183454174401e+00
7.528879281989960148e+00
7.566089215913281762e+00
7.568748916548247330e+00
7.536339053018909162e+00
7.548461940081208077e+00
7.575492518094226746e+00
7.587311658436229678e+00
7.486218966321271928e+00
7.505544356696438157e+00
7.525646111081457867e+00
7.547446836758353150e+00
7.529468390216174534e+00
7.555931705650012375e+00
7.574353874545814769e+00
7.605854484959171380e+00
7.566076575136980509e+00
7.589621458533438947e+00
7.605148424062923240e+00
7.629867044086154237e+00
7.619546361322847794e+00
7.655598112765981789e+00
7.662139286437928298e+00
7.702292451122181305e+00
7.606831920121089219e+00
7.608301597413131390e+00
7.646476557391028273e+00
7.646517537445298274e+00
7.613959250904374088e+00
7.624956061649808881e+00
7.650801827723810788e+00
7.660585133681739656e+00
7.683402316273004296e+00
7.681905357562103909e+00
7.715843891773958241e+00
7.712831620473090233e+00
7.684678024658943229e+00
7.692983026833891458e+00
7.714115917564980940e+00
7.720839197387833863e+00
7.642447018989928509e+00
7.667573991557757651e+00
7.677155003276078915e+00
7.701909549929509602e+00
7.701429603449753358e+00
7.744872032662146744e+00
7.736393887404021008e+00
7.782131706003154292e+00
7.708127363362530460e+00
7.731702609527120629e+00
7.734148487300700481e+00
7.755731986015833357e+00
7.765735700620150617e+00
7.812562741520105547e+00
7.788131850602103334e+00
7.834604668563797780e+00
7.802335377461509403e+00
7.799688172875955949e+00
7.826590950046629303e+00
7.824876472168379671e+00
7.794890520289889047e+00
7.787897738452267404e+00
7.820448649737167024e+00
7.813118297616982844e+00
7.841775005865063264e+00
7.840672784474579160e+00
7.847991415821526928e+00
7.846658630485988439e+00
7.836754358086450267e+00
7.829372387088631591e+00
7.844073496949416580e+00
7.837096184501885610e+00
7.778971014263659001e+00
7.768904983490783067e+00
7.803050509925579803e+00
7.791441189379110455e+00
7.758775285489453388e+00
7.749508132513351022e+00
7.779871275144179421e+00
7.769287497211708526e+00
7.818066485504385099e+00
7.804835631646713345e+00
7.824774732567831848e+00
7.809529776483560504e+00
7.792058662911583333e+00
7.780521609135199412e+00
7.796448320448684299e+00
7.784705064894864357e+00
7.848309068034696523e+00
7.845397335146820694e+00
7.852081314054961680e+00
7.842953071455482039e+00
7.845854680481011201e+00
7.841104622760733278e+00
7.851812367138545135e+00
7.851065696140028471e+00
7.870932840864329982e+00
7.848866834144228477e+00
7.904341725234022675e+00
7.864136579652234005e+00
7.876034191550030705e+00
7.878908322702313782e+00
7.916148844827932685e+00
7.920388063307064463e+00
7.826830504347631390e+00
7.808934703800682442e+00
7.833379266769989080e+00
7.810041750252721293e+00
7.797860471219029144e+00
7.787393368985180864e+00
7.806253260684735018e+00
7.800190780094219178e+00
7.856630575173902287e+00
7.820960462717714279e+00
7.893025498528218442e+00
7.841465790288865811e+00
7.837077191346621952e+00
7.833893570112416604e+00
7.884551700437276267e+00
7.883230383917926076e+00
7.742036740540424233e+00
7.737632766225523540e+00
7.760444608884851547e+00
7.754830325692099180e+00
7.737629810974416600e+00
7.742849284038907598e+00
7.753935931152913241e+00
7.757954820008339247e+00
7.770391011685536142e+00
7.763696551749657004e+00
7.773273796599063701e+00
7.765239958810622234e+00
7.762534573737307930e+00
7.766001562961124094e+00
7.765304633951910951e+00
7.768855090498437477e+00
7.754020380179095007e+00
7.772822250782219555e+00
7.766780634469777844e+00
7.782012589903763100e+00
7.802294008928827296e+00
7.846702292445748128e+00
7.807162794260325001e+00
7.847498382029486130e+00
7.772294044293881043e+00
7.783059651910401833e+00
7.772297082642051436e+00
7.777387621800948558e+00
7.802474468354692938e+00
7.835996802265099426e+00
7.789402252717366970e+00
7.815325704543712781e+00
7.774218681433815448e+00
7.763977436429518875e+00
7.783206382588438110e+00
7.768074489399375615e+00
7.767821296647326790e+00
7.772847372126794774e+00
7.781874086118042655e+00
7.788387310826858645e+00
7.813354695679682216e+00
7.785616475179297780e+00
7.856936306294855399e+00
7.812508402147262387e+00
7.820929908768851746e+00
7.825674271342822230e+00
7.874211040506207127e+00
7.876675411296738538e+00
7.771589231466659697e+00
7.768846044890932667e+00
7.779642594638086273e+00
7.766495471009286611e+00
7.775129516924121909e+00
7.789954323097133759e+00
7.769010704499432762e+00
7.764488599714657546e+00
7.808567233950008735e+00
7.777395313527245335e+00
7.852993328242209081e+00
7.797526326753261294e+00
7.780253603840033172e+00
7.754366582595535462e+00
7.809388524306569046e+00
7.747692875742434815e+00
8.380947480139077754e+00
9.168228812934907879e+00
7.799070820511114555e+00
8.453032700624163454e+00
7.804987498738751306e+00
8.047997512277602183e+00
8.897623463564427126e+00
8.717259120569327280e+00
8.340002672918194193e+00
8.595477899732584248e+00
9.268453638348793433e+00
9.432595792683279967e+00
8.611925665093513871e+00
8.651521252704545972e+00
8.608527173687814837e+00
8.662935532413206019e+00
8.735484055427681582e+00
9.438159030678487937e+00
8.706415275834048728e+00
9.402599432668816704e+00
7.479857033381444253e+00
7.573238860908896086e+00
7.811605294316665393e+00
7.525117959372368048e+00
7.694472247559382971e+00
7.299454785310437011e+00
7.293228044489787010e+00
7.235083513237506203e+00
7.217636225625236435e+00
7.208164525278499823e+00
7.189748734115999795e+00
7.213749641053826878e+00
7.223713541763304491e+00
7.180596712075204557e+00
7.168921648406141323e+00
7.372780854471717937e+00
7.535910199345732252e+00
7.238192811300512730e+00
7.292827356472631806e+00
7.197076002500630842e+00
7.207577815566875046e+00
7.158424894994238841e+00
7.173766959884594563e+00
7.239273251319157332e+00
7.268340729663510302e+00
7.203648392217739449e+00
7.233410939287248098e+00
7.378205814524758210e+00
7.482949095802757356e+00
7.313151098136496664e+00
7.350053122361840607e+00
7.270517613832335080e+00
7.311288687637764738e+00
7.407200961116346960e+00
7.462097752249724714e+00
7.361879837387347081e+00
7.419527667101798230e+00
8.040001606828408143e+00
8.513478880827705098e+00
7.946965387036477146e+00
8.231767832123589201e+00
8.753967539487213401e+00
8.794118123085802097e+00
8.428221786057754628e+00
8.624992656868855079e+00
7.737497520755484359e+00
7.942522241936050165e+00
7.683359513052092638e+00
7.868995249899748856e+00
8.135092859239490437e+00
8.386627494823150286e+00
8.064726204994935088e+00
8.283927361571917558e+00
7.625122696080214979e+00
7.767339153550499198e+00
7.878793308784990401e+00
7.724181943545842088e+00
7.834735569506954711e+00
7.539879222616784560e+00
7.608086292915454685e+00
7.486538605200914631e+00
7.559501226415142661e+00
7.692008252762473575e+00
7.788609296324966458e+00
7.643966955958904741e+00
7.736795219301273008e+00
7.998948702633437158e+00
8.114896144690371571e+00
7.945918313783089104e+00
8.067748608295179480e+00
8.254557483431771203e+00
8.376233159509059334e+00
8.195048404916704499e+00
8.321191379513511066e+00
7.894458639004078293e+00
8.010576716356501592e+00
7.839017939748783803e+00
7.951325736501095420e+00
8.132830577559996499e+00
8.253314714578461775e+00
8.071493406098603884e+00
8.191915802414870384e+00
8.544303213428978694e+00
8.682939426172456621e+00
8.422303860621571658e+00
8.579308550213628592e+00
8.738114184695820796e+00
8.709216553782976433e+00
8.718048931268908674e+00
8.710565430341924653e+00
8.477127160316447529e+00
8.569460535463299777e+00
8.416650261184461357e+00
8.505375925832698414e+00
8.669326394930646273e+00
8.735616510674587332e+00
8.605091797214686977e+00
8.708208210384116299e+00
8.351573156471594928e+00
8.434661521702400577e+00
8.298073028271691243e+00
8.387495698531049371e+00
8.536382453769949308e+00
8.650138888225761491e+00
8.493555280542555153e+00
8.607141788260005200e+00
8.785958683103492817e+00
8.776133287953701512e+00
8.765902528650002523e+00
8.762818073949818043e+00
8.743303636350162833e+00
8.726769314506533703e+00
8.741785419765509602e+00
8.726981777249198657e+00
8.713012687113801391e+00
8.725005539886238282e+00
8.669663559728595814e+00
8.692641126728641865e+00
8.721912438469942686e+00
8.719997692716399129e+00
8.704377918263238811e+00
8.713894907698740866e+00
7.210081899334211286e+00
7.202138637236344287e+00
7.217631917860385826e+00
7.208387157540644630e+00
7.189207398980101082e+00
7.180799390411653604e+00
7.195451401240270606e+00
7.181043147063356002e+00
7.229333634017309329e+00
7.220396607942737077e+00
7.254690575049822066e+00
7.248022114979923103e+00
7.206168218290169847e+00
7.186288949906980861e+00
7.232255439053832724e+00
7.206303761518467965e+00
7.166980850448084084e+00
7.158762017294422186e+00
7.162926888098761324e+00
7.145543872447449374e+00
7.145408337916054897e+00
7.144675127486988409e+00
7.129162956366276838e+00
7.116639728904321949e+00
7.161723216661087577e+00
7.135912029009656266e+00
7.172554167137650261e+00
7.135607312268247071e+00
7.112404867031201228e+00
7.095711766737668569e+00
7.105209889757338360e+00
7.082112592440788390e+00
7.294930456881553837e+00
7.292129415046251673e+00
7.351610790510825666e+00
7.357217541296595442e+00
7.276491108843846867e+00
7.242445161818237942e+00
7.349926146433107377e+00
7.312147448236210323e+00
7.439781039130348717e+00
7.461763681673031279e+00
7.487557740130569073e+00
7.500427697060761290e+00
7.535735707718960619e+00
7.557412202112807620e+00
7.520155874320905376e+00
7.525063551755910574e+00
7.578690843902871066e+00
7.590759165768530714e+00
7.455967103411178520e+00
7.394147718267976011e+00
7.363450471103986317e+00
7.454199909270504243e+00
7.422816057988995020e+00
7.525071162169002292e+00
7.519314577656664333e+00
7.596659146424297404e+00
7.592421374395882161e+00
7.512010717930016845e+00
7.484643133810293669e+00
7.583776115054533307e+00
7.558289387525339187e+00
7.199314215389140514e+00
7.151904168011792073e+00
7.263260427415692000e+00
7.204944348877824645e+00
7.118353374907106179e+00
7.089117374794751569e+00
7.151770933431252253e+00
7.117592110458851096e+00
7.110480276334725680e+00
7.143507271573113826e+00
7.135573387021709735e+00
7.327657189632788004e+00
7.301331106028018603e+00
7.384299113661548120e+00
7.345039986798556519e+00
7.258658969949189022e+00
7.232413808423434176e+00
7.303838174183596266e+00
7.268642066345128327e+00
7.443640958295606680e+00
7.401079750920724010e+00
7.521250144971189933e+00
7.476427920289302698e+00
7.357769866559844552e+00
7.320346370986667850e+00
7.431230142414309903e+00
7.391127130063723349e+00
7.195679242209305215e+00
7.180806661167710381e+00
7.238586475955376187e+00
7.219212748378710742e+00
7.171012331435370868e+00
7.167326412763041610e+00
7.213253278957520997e+00
7.208718071331322363e+00
7.290961749346482890e+00
7.274093455023997734e+00
7.361152215667296161e+00
7.342510375782190124e+00
7.266992365875666771e+00
7.266538165810275451e+00
7.335306069921096572e+00
7.333862656365908173e+00
7.131302130056226929e+00
7.147349628367251739e+00
7.111406746863581319e+00
7.117526109332083628e+00
7.167730904722996677e+00
7.195652331369013943e+00
7.135283821854961239e+00
7.159738907533650831e+00
7.087149936830940966e+00
7.093393602633955020e+00
7.075143543769257803e+00
7.084126094849065858e+00
7.108173775563828123e+00
7.130483715768596298e+00
7.091610417331137839e+00
7.118886004443546689e+00
7.230069618501560491e+00
7.270954781415190027e+00
7.192000509877563452e+00
7.231653220997827702e+00
7.319655401251835336e+00
7.377003062125266020e+00
7.280840816912744984e+00
7.336702926492412402e+00
7.160623928300407393e+00
7.200156124388909618e+00
7.147089012830600829e+00
7.182160327798079891e+00
7.248251630121074207e+00
7.294536288485542919e+00
7.225796178757011745e+00
7.264213818328626004e+00
7.291759188133406511e+00
7.250887796375759642e+00
7.278146770184775960e+00
7.089621051237260829e+00
7.090617329064325958e+00
7.109457204524190388e+00
7.107544744601674402e+00
7.132388598705051486e+00
7.128745755317089206e+00
7.106326410184065523e+00
7.109100455475331870e+00
7.130875552693520802e+00
7.133353216122384488e+00
7.091899533217461027e+00
7.102124359241143381e+00
7.099733857623835576e+00
7.110613398710341038e+00
7.118961574445549445e+00
7.128463878795546549e+00
7.123538505414908961e+00
7.132567047356634049e+00
7.114858452981487780e+00
7.127111067178824477e+00
7.143474326958579645e+00
7.150721025445699652e+00
7.133788582366639375e+00
7.143927533481899239e+00
7.160155087044707045e+00
7.168777200747411982e+00
7.161423129533870835e+00
7.161770041307979895e+00
7.208594107893045333e+00
7.210135371540240534e+00
7.164511340517205618e+00
7.171651123767050606e+00
7.215397530300265316e+00
7.221894723064008481e+00
7.267707367021294829e+00
7.271921679678960970e+00
7.336929625738617844e+00
7.341931498170208847e+00
7.277347429247730481e+00
7.284921048069929128e+00
7.348887266285332842e+00
7.357390838404791467e+00
7.179724023375853470e+00
7.189686897809664856e+00
7.231101135105757471e+00
7.239355261443568779e+00
7.197650969152078027e+00
7.206704254333666348e+00
7.247951456998512398e+00
7.255652526028177896e+00
7.293356108035605523e+00
7.302246749901198264e+00
7.367090788705840332e+00
7.376868044519410361e+00
7.310257999045608912e+00
7.317622658915214906e+00
7.385504592210065056e+00
7.392662402828786838e+00
7.144108029915342328e+00
7.155220019710966994e+00
7.145408373636868760e+00
7.158263074463233622e+00
7.173976133204744698e+00
7.187390432004756136e+00
7.173998926442577861e+00
7.189199564464043846e+00
7.154822651504537667e+00
7.167588105982983571e+00
7.179206701332025986e+00
7.190296090531345108e+00
7.181597508269654817e+00
7.197357504102045667e+00
7.202909846509645497e+00
7.216368899407237691e+00
7.210087127331490819e+00
7.225588180342354505e+00
7.208260512335903591e+00
7.223926956153163381e+00
7.244271580474506145e+00
7.271127047521237508e+00
7.245793945414956916e+00
7.265392074340960349e+00
7.213270315430796664e+00
7.231424954479390266e+00
7.231169956884794914e+00
7.245770742162512157e+00
7.248531514017330757e+00
7.268908741029030729e+00
7.262179362081530698e+00
7.278190790923085629e+00
7.215527504876455112e+00
7.225397942431065701e+00
7.263681829300745463e+00
7.272335861521260547e+00
7.236190617887208631e+00
7.247814430542606878e+00
7.281680835325073708e+00
7.291512102747587321e+00
7.324807911160200469e+00
7.332392046127547580e+00
7.399101380593416266e+00
7.405842669037803638e+00
7.340585488533056591e+00
7.349089096688876666e+00
7.413257896447417394e+00
7.420888957735780167e+00
7.259812264869985654e+00
7.272463532864859026e+00
7.301539423979210852e+00
7.311574955749014393e+00
7.285142754394980713e+00
7.298695854607523792e+00
7.321698200481826291e+00
7.331956584462410831e+00
7.357454088304563378e+00
7.365509204457298509e+00
7.428051808779218668e+00
7.434572962224836878e+00
7.373277081779335163e+00
7.380753690953079094e+00
7.440627837815311452e+00
7.446102366509327553e+00
7.585329569486773060e+00
7.614175680551619863e+00
7.641020954977973290e+00
7.677827943960237711e+00
7.641495196822969405e+00
7.662408351158569886e+00
7.713582287024542516e+00
7.744019757665994597e+00
7.697167664532106102e+00
7.742238489531144019e+00
7.749951541436929325e+00
7.803482471025313671e+00
7.787734410142323149e+00
7.828629414820571952e+00
7.859281894197936325e+00
7.911351624959791273e+00
7.675244875901316099e+00
7.678252697397719650e+00
7.765632616134516830e+00
7.774121879506141752e+00
7.670136579456213965e+00
7.648023943977969807e+00
7.768573100470645976e+00
7.745425311052451356e+00
7.859233458351853940e+00
7.874356711257679109e+00
7.951928754764571394e+00
7.973578700164811295e+00
7.870423434064634627e+00
7.847353023126919069e+00
7.972230412860763060e+00
7.948660284110030894e+00
7.798106083734163363e+00
7.859865400094858678e+00
7.840118262376346792e+00
7.909691945745457531e+00
7.926284973542618850e+00
7.989994254956296338e+00
7.986777586872618961e+00
8.062318164249628438e+00
7.874219901033995050e+00
7.950970381174252033e+00
7.898571851224160945e+00
7.981648059262428596e+00
8.038560048411813597e+00
8.125639752411091266e+00
8.079324948867128597e+00
8.176812985822689228e+00
8.040820678922420583e+00
8.068940819663906083e+00
8.123107466363020279e+00
8.156712765757854200e+00
8.069533319654574655e+00
8.044970576369820492e+00
8.157967693714848423e+00
8.131168003797849764e+00
8.195275946065702755e+00
8.232479049154166617e+00
8.252781823009518902e+00
8.290805979099511447e+00
8.232645810526904029e+00
8.202147694475177886e+00
8.288515338812599609e+00
8.253221913484177108e+00
7.610513170007894956e+00
7.564866946259662051e+00
7.707678537762595816e+00
7.660132787144804389e+00
7.517121447354292663e+00
7.474668869874135702e+00
7.610623061554468549e+00
7.565757230288475910e+00
7.808173120976529269e+00
7.759626533033150864e+00
7.908422202118027045e+00
7.859035446630125321e+00
7.708697859358168536e+00
7.661378035478072057e+00
7.806995766033406170e+00
7.757311052796078243e+00
7.442065616238616954e+00
7.421524779337614675e+00
7.530259516856557589e+00
7.506285583919553694e+00
7.411453792462501688e+00
7.409447603040449692e+00
7.493287720160305199e+00
7.489103991799721527e+00
7.622329392862593700e+00
7.594073422862979150e+00
7.714185864738881904e+00
7.680664151490585567e+00
7.576781888613338012e+00
7.569448095321384073e+00
7.657840060209491817e+00
7.646143756530834779e+00
8.003104668121922671e+00
7.952695710081077785e+00
8.086506377688746028e+00
8.034370337632671166e+00
7.899769234955024366e+00
7.847912537272305755e+00
7.980459963439884952e+00
7.926839332719403330e+00
8.153095429053207610e+00
8.097814201489779151e+00
8.197747989647194089e+00
8.138382817695232418e+00
8.042737434654503303e+00
7.987655443122725352e+00
8.080829825860282867e+00
8.026538183642717428e+00
7.800552732803108569e+00
7.761118925140190861e+00
7.875567373586996212e+00
7.830005096780727314e+00
7.731626077823067433e+00
7.714589394091569297e+00
7.793057723092379874e+00
7.771458749004394484e+00
7.933804894299509414e+00
7.882349660224481802e+00
7.970995447886355834e+00
7.920037302190555906e+00
7.840258964952694143e+00
7.810140215789259877e+00
7.869630036063441025e+00
7.835271534953367478e+00
7.911272475666055293e+00
7.999650437049031559e+00
7.910376691034689323e+00
8.003671671519363429e+00
8.106882060916859700e+00
8.212016702750686292e+00
8.119744769455497391e+00
8.227022961141923219e+00
7.895864345284370422e+00
7.992610267234656618e+00
7.867318458206259635e+00
7.966265995180687121e+00
8.119476563773762479e+00
8.218769926873312315e+00
8.112639579957152236e+00
8.190369127805771754e+00
8.289480959444766484e+00
8.325720922083618802e+00
8.298645764172135841e+00
8.329881683632118339e+00
8.320354546401146578e+00
8.280554705520184910e+00
8.324967130426939477e+00
8.283519836564597227e+00
8.272172783634232474e+00
8.299121319244235906e+00
8.202621284197524787e+00
8.231660280447046674e+00
8.302702597360676506e+00
8.264295092101962226e+00
8.256085535589820168e+00
8.234166975356037810e+00
7.824939551739337418e+00
7.930547840724041286e+00
7.786411229915402465e+00
7.890311940869739971e+00
8.115210248295575468e+00
8.155154951202751690e+00
8.162569228404416677e+00
8.158690741649683886e+00
7.751920927269924100e+00
7.868464365035514163e+00
7.680464241601586473e+00
8.257163996062786282e+00
8.239573106374569633e+00
8.101159951361728062e+00
8.127554940219924973e+00
7.991296023075833865e+00
8.039685113249598558e+00
8.193132553423099651e+00
8.206409363528285539e+00
8.106050302487409098e+00
7.910403394159322588e+00
8.217624452233676990e+00
8.151969329380859719e+00
8.210229307648443609e+00
8.143478123410970326e+00
8.095584793793436873e+00
8.040644890333231487e+00
8.088333679544682298e+00
8.041276512393283227e+00
8.182577439836601130e+00
8.117370575407722555e+00
8.141181133557145344e+00
8.096255408818201715e+00
8.076460616083579680e+00
8.032073833803680785e+00
8.065286271588854916e+00
8.028854890103401587e+00
7.993271822553779771e+00
7.943417674401575646e+00
8.002440634223269456e+00
7.970385494713728036e+00
7.893327367984257492e+00
7.856196517337492580e+00
7.915742570847219106e+00
7.880966103511999776e+00
8.014921922464822046e+00
7.994071245671114490e+00
7.957902269368571702e+00
8.118298062440397089e+00
7.412389194718927321e+00
7.418808281851667630e+00
7.491784430708854359e+00
7.499497145874692627e+00
7.427503838559118776e+00
7.438005672988941441e+00
7.510372662719640324e+00
7.523799939346746513e+00
7.571223264201374370e+00
7.580465712499019126e+00
7.646731491115708046e+00
7.658658364884986192e+00
7.594085557343702497e+00
7.611004706974667577e+00
7.674961352939027037e+00
7.695264256454956708e+00
7.450142414808308189e+00
7.462352697563217063e+00
7.540016061826441351e+00
7.556286641157426764e+00
7.472298379710246685e+00
7.479454042451454399e+00
7.568105614842282947e+00
7.575189558110813515e+00
7.633138087008280337e+00
7.655282133237417241e+00
7.724255677830828226e+00
7.754712336743572187e+00
7.668909365698294067e+00
7.675194914077675179e+00
7.768887392954179738e+00
7.772647496025129499e+00
7.715166672794322444e+00
7.730678081706322757e+00
7.770740222111529150e+00
7.796417294281449806e+00
7.751079234957229502e+00
7.769291828729342875e+00
7.819251094272313907e+00
7.827964738211417028e+00
7.811840983282185569e+00
7.855704887517370949e+00
7.839021890366174361e+00
7.918005593676051390e+00
7.886873141144386423e+00
7.865395105848649315e+00
7.971396546879375933e+00
7.887102711422137702e+00
7.807196410762141880e+00
7.847876538541428637e+00
7.871669631207470985e+00
7.929958625164001518e+00
7.860841396656119251e+00
7.858910628473894988e+00
7.937020511989057781e+00
7.925978561049726423e+00
7.913358104625312528e+00
7.992651687298827134e+00
7.924125657656676758e+00
8.029261410731685089e+00
7.997517326826675266e+00
7.971819821624235303e+00
8.033103631753409246e+00
8.000665051593131238e+00
7.485317256064525360e+00
7.491465643708568045e+00
7.580651543934981085e+00
7.586497106514885402e+00
7.498448354249912740e+00
7.505611085210487587e+00
7.593125761956970088e+00
7.599757034058798766e+00
7.680581367683784855e+00
7.686716592602770071e+00
7.779443490671403616e+00
7.785877725711555009e+00
7.691798120706083708e+00
7.697756206863111572e+00
7.789176654478194628e+00
7.789188977856584373e+00
7.511932237974561666e+00
7.517281873634544809e+00
7.605594968114732346e+00
7.609949525961918759e+00
7.522198911982456160e+00
7.526774306023677141e+00
7.613648397753541630e+00
7.618219880270473254e+00
7.702605086023678993e+00
7.706818361446141630e+00
7.794960852489420056e+00
7.800843236371505895e+00
7.708554344908266742e+00
7.711937355391722093e+00
7.799764917120287855e+00
7.795526983408593402e+00
7.869453297073718545e+00
7.881022803352289330e+00
7.946626481193669100e+00
7.965506805384805489e+00
7.875406694416372311e+00
7.867481951016992880e+00
7.954163273787887789e+00
7.921629148817450172e+00
8.008589673293728950e+00
8.045920685023626007e+00
8.050323068097316792e+00
8.104780686273180379e+00
8.029221201484871173e+00
7.958687603859886828e+00
8.126761414169118680e+00
7.869251672128382502e+00
7.886614775378063769e+00
7.921250814407785334e+00
7.953742482925477475e+00
7.882644899739778666e+00
7.860884036502934435e+00
7.961654596043230114e+00
7.899685694552671222e+00
7.942474079449602264e+00
7.996818693600836525e+00
8.015078134374144625e+00
7.917188796828763309e+00
7.861261913726295347e+00
7.994424362298777176e+00
7.879398592692679060e+00
8.048467497479053989e+00
8.059422335572445917e+00
7.899348185187887950e+00
7.874289382522379199e+00
7.440053011721540877e+00
7.512313919146965446e+00
7.396035645832216510e+00
7.465404736888366699e+00
7.593198784838683935e+00
7.682953622208101407e+00
7.543131639038501923e+00
7.629417919703917583e+00
7.353972255133675695e+00
7.419615776902472426e+00
7.326316553504801377e+00
7.350662279203963756e+00
7.308069676525306591e+00
7.334552734929925322e+00
7.388333384892274758e+00
7.415393872299373967e+00
7.366161122712729714e+00
7.396958344322603907e+00
7.492630856167329156e+00
7.574269431070891123e+00
7.457458666744339659e+00
7.487821407877431668e+00
7.431973909194372396e+00
7.466741772064400706e+00
7.534941650272928726e+00
7.569319729667065566e+00
7.506179072487337400e+00
7.545604466206389915e+00
7.782300002156904206e+00
7.892331190489446868e+00
7.725696985026139885e+00
7.833032361906832719e+00
8.011454878651337097e+00
8.133667974826787272e+00
7.950534493241754319e+00
8.075177813193212373e+00
7.666230909763157797e+00
7.770507459510205273e+00
7.622576803840650506e+00
7.661812659138732329e+00
7.590293972065157213e+00
7.635414835838954417e+00
7.722643436831605257e+00
7.767807290028994949e+00
7.686701193803476606e+00
7.739092752026351718e+00
7.888992509947405196e+00
8.027166778109236844e+00
7.837550583329222498e+00
7.889047978997672850e+00
7.798758825772122094e+00
7.860097644818941909e+00
7.968710839206715413e+00
8.023911809604108214e+00
7.929617675067125226e+00
8.000488415753844507e+00
7.294338024128870224e+00
7.321886964453537594e+00
7.289448935700785448e+00
7.313514282548548628e+00
7.350191850586953457e+00
7.380929253422586989e+00
7.340661636980223115e+00
7.369218069817936367e+00
7.288733716634006932e+00
7.311584233669318422e+00
7.296273866202933611e+00
7.315476124181160777e+00
7.335708139676328621e+00
7.362309878545402420e+00
7.336886399174214368e+00
7.360730518397352817e+00
7.413356499723043669e+00
7.448209447193931965e+00
7.400302619129339732e+00
7.433465591390045368e+00
7.485106377574304304e+00
7.524698888352876480e+00
7.469208053243972856e+00
7.507203247953864178e+00
7.391258440903067495e+00
7.422719939658755983e+00
7.387140821132573976e+00
7.416181803563578256e+00
7.456572911182216323e+00
7.493066199197498278e+00
7.447877313232581287e+00
7.482250768956212106e+00
7.312977155003943075e+00
7.328774300810056985e+00
7.342683362833753336e+00
7.354411579064104032e+00
7.346607901574822463e+00
7.366868410842075221e+00
7.367796737927381656e+00
7.383444015980400010e+00
7.387970545739118933e+00
7.395325033084592548e+00
7.450583470337795333e+00
7.453980273093684161e+00
7.403591403636586854e+00
7.413560458474401038e+00
7.456957221838354855e+00
7.460514030969989996e+00
7.389844157894129850e+00
7.415686036996007147e+00
7.401799044113973380e+00
7.423213290197778313e+00
7.444434292873843617e+00
7.476086155818745915e+00
7.447919285126303635e+00
7.475899946546725516e+00
7.425816133493044369e+00
7.441091907714893594e+00
7.465159233036238184e+00
7.472028324277025568e+00
7.460150069287137420e+00
7.483182105009422713e+00
7.483178377082118082e+00
7.499559683819660094e+00
7.566723527072979572e+00
7.612050584437764833e+00
7.548134087633801670e+00
7.591883129220830639e+00
7.660588799854543218e+00
7.713432460635607946e+00
7.639367514142230142e+00
7.690760120550939938e+00
7.532220511455589573e+00
7.574517739566031693e+00
7.519446791413725961e+00
7.559742907168630843e+00
7.620271324396046708e+00
7.670277362449942515e+00
7.603597610340115942e+00
7.651662490076950540e+00
7.770615700029814832e+00
7.833536038615908303e+00
7.747236805998133136e+00
7.809269087729042269e+00
7.901959991837732566e+00
7.977854651418432752e+00
7.878295130077525243e+00
7.954677696123087394e+00
7.725230044161783383e+00
7.786321625222890397e+00
7.704819400051508005e+00
7.764251468187305605e+00
7.854628332935795321e+00
7.931608228844731379e+00
7.831398548686041572e+00
7.907961673453428375e+00
7.510700328942775172e+00
7.548510322216891666e+00
7.507108664313859592e+00
7.541694342775040916e+00
7.589943054543410561e+00
7.635622150331681013e+00
7.580066627784429301e+00
7.622801627345802800e+00
7.509861413841449007e+00
7.540217179175157547e+00
7.520316465341345236e+00
7.545073328887411002e+00
7.574682964101478788e+00
7.613850974857165887e+00
7.574523591731447070e+00
7.609444924221858031e+00
7.686445853395276195e+00
7.743652318786677924e+00
7.670735420686440875e+00
7.725103896273790127e+00
7.808894421445202738e+00
7.884220644316095594e+00
7.787678743205423970e+00
7.860779686582241688e+00
7.658329397273867301e+00
7.709258098619364397e+00
7.650033202360486229e+00
7.696900180117227208e+00
7.768394411773732244e+00
7.838260454765962670e+00
7.751840131217289098e+00
7.817522537573570851e+00
8.250001055376731784e+00
8.349126173961815667e+00
8.201314296994054232e+00
8.317346104208189317e+00
8.460203721313822811e+00
8.570400407705678347e+00
8.439945999365487950e+00
8.548849781791828306e+00
8.134213555404798512e+00
8.208329051547419652e+00
8.101573983954176938e+00
8.183399960337204959e+00
8.286502082606503450e+00
8.343447385950408801e+00
8.260626159998205154e+00
8.336589938723394155e+00
8.092299377809949235e+00
8.169726505268750216e+00
8.077385690100108206e+00
8.158214945392250783e+00
8.249467860417809106e+00
8.332365663442173442e+00
8.244645939655958600e+00
8.330850759501014835e+00
8.424269418468353976e+00
8.473221078394280070e+00
8.412385051420541160e+00
8.477911639498239893e+00
8.538437496786855263e+00
8.567779932898622164e+00
8.533951814807302583e+00
8.573305308482362719e+00
8.410527991961812333e+00
8.479870995219123131e+00
8.412836777006683420e+00
8.483665648458918795e+00
8.535423560693690348e+00
8.577042871848975736e+00
8.539338134561743843e+00
8.581557122350995215e+00
8.633302466271862485e+00
8.666738207696548457e+00
8.612296447275999967e+00
8.652567524020891909e+00
8.690558196754006204e+00
8.709143096736825740e+00
8.682806313688917754e+00
8.705419528233658610e+00
8.604193209297710254e+00
8.621277975402266591e+00
8.604615514063537418e+00
8.628506626124870849e+00
8.646072164861594800e+00
8.659075372834591278e+00
8.650221930942803894e+00
8.667530056113392334e+00
8.609095997280830304e+00
8.634801749006193461e+00
8.613874453312554635e+00
8.639644688751330293e+00
8.656330343193205934e+00
8.673783630386912691e+00
8.660135859059209906e+00
8.676606052903348854e+00
8.677954732404996818e+00
8.687797200924190832e+00
8.683249415103542646e+00
8.695372800328419416e+00
8.701432700801095876e+00
8.708725785434502598e+00
8.706157378384022039e+00
8.715005337309772671e+00
8.688409480900897819e+00
8.699906366405548042e+00
8.689565775846661566e+00
8.700029055830503566e+00
8.709651046265145524e+00
8.717671153145262863e+00
8.708338562901429825e+00
8.715624421357084373e+00
8.058655031234408739e+00
8.146520151953589917e+00
8.039398632512817500e+00
8.131284712408684001e+00
8.237682338542782645e+00
8.330096792125745608e+00
8.229270360913034210e+00
8.328087269541816440e+00
8.018044770634928042e+00
8.114271806189387704e+00
7.995564712185061929e+00
8.095061036019020051e+00
8.218269184288812923e+00
8.324285462663151947e+00
8.204868969202639306e+00
8.318635604833575670e+00
8.416190320811940850e+00
8.488948458541150544e+00
8.419566362212229649e+00
8.495515281531384133e+00
8.545400669792581283e+00
8.587778570326099370e+00
8.553321287358130576e+00
8.596113318709869944e+00
8.422313404179224250e+00
8.502636562934910103e+00
8.424506338038767694e+00
8.510455097903957267e+00
8.562544838222025945e+00
8.605594347551376089e+00
8.572743538515814166e+00
8.615627742628090502e+00
7.971910384456298182e+00
8.073724343830594563e+00
7.947310941451061872e+00
8.050123813154300478e+00
8.188918152782028059e+00
8.311168783949927530e+00
8.170068866772394856e+00
8.301744483252477380e+00
7.922159186833664712e+00
8.024220532591264998e+00
7.897232062650114237e+00
7.996243312021803717e+00
8.147799017441005986e+00
8.289969915264997269e+00
8.121467586343042555e+00
8.275130076024263204e+00
8.426565238339762232e+00
8.519252827679284934e+00
8.428815813901264775e+00
8.529107947274342294e+00
8.583703490608069586e+00
8.625649039720372002e+00
8.594935738481296994e+00
8.634961439676906991e+00
8.431378664199044692e+00
8.539713517972678858e+00
8.434216192673520851e+00
8.550155831503605697e+00
8.605523780189802352e+00
8.642690703493219218e+00
8.614110882642357581e+00
8.647810592076208280e+00
8.620098023183029312e+00
8.644954264490017692e+00
8.627851272295082197e+00
8.651457355109490877e+00
8.664196586916135701e+00
8.678937107884989288e+00
8.668939650301199507e+00
8.681966276506441815e+00
8.636323560919736408e+00
8.658170785132579539e+00
8.644744951470899608e+00
8.664460432651333477e+00
8.673715999705770230e+00
8.684926483520285956e+00
8.677932111851912822e+00
8.687393560510475510e+00
8.690418432966446005e+00
8.699341805179033216e+00
8.691788932995789807e+00
8.699390522312658192e+00
8.706557559046082417e+00
8.712632988905767206e+00
8.705420358294478689e+00
8.710646660826794729e+00
8.693228366036615640e+00
8.699581703322667892e+00
8.694309939760179518e+00
8.699588454128317494e+00
8.704628967472933354e+00
8.709002305309178738e+00
8.703793648032368324e+00
8.707547346599191940e+00
8.652547640820532848e+00
8.669865383087651978e+00
8.659132756032374090e+00
8.674005193222495080e+00
8.681294114958324926e+00
8.689164804158997057e+00
8.683555957118370472e+00
8.690121915520677476e+00
8.663902465501012173e+00
8.676524908981395612e+00
8.666296379084377222e+00
8.677182343766466133e+00
8.684569668161108424e+00
8.690166124809431736e+00
8.684246792688645300e+00
8.689332207255750617e+00
8.694906473845566808e+00
8.699310030359052703e+00
8.694940642233470740e+00
8.698705576721106780e+00
8.702858961851173802e+00
8.706051143977845186e+00
8.701768483499206397e+00
8.704624447699053746e+00
8.694396866968938653e+00
8.697750899431694549e+00
8.693281308854160727e+00
8.696505667015522079e+00
8.700538391590256992e+00
8.703127198948561016e+00
8.699176662180260422e+00
8.701713374644043597e+00
7.530242418555060269e+00
7.531317576733932206e+00
7.623377774316820066e+00
7.625072740460715259e+00
7.529537284722048085e+00
7.526775805489320348e+00
7.620464773817221982e+00
7.611660077853841244e+00
7.720739806883205603e+00
7.731154886626643297e+00
7.811745644090116514e+00
7.838471933506999889e+00
7.724234155028210758e+00
7.708360085779824900e+00
7.836667811838217368e+00
7.800242123381200265e+00
7.523094280749626606e+00
7.518977631204319501e+00
7.600938882327769264e+00
7.584461540741487262e+00
7.518908364145834078e+00
7.526522972269859224e+00
7.569371658496317323e+00
7.564635359692627681e+00
7.692892011112001605e+00
7.670401441670027687e+00
7.785752509659738863e+00
7.769427649301891670e+00
7.636684321854065871e+00
7.613028828466052111e+00
7.729090963078601995e+00
7.667723912453783264e+00
7.879057763412929738e+00
7.935244007256740950e+00
7.914004761497113627e+00
7.988984124191738090e+00
7.944061417418671667e+00
7.875918095423338094e+00
8.015350920367458443e+00
7.918896434687401786e+00
7.889395536602359371e+00
7.855850420548190272e+00
7.865998769060022155e+00
7.893763946968358702e+00
7.926702878873888025e+00
7.845309525758073832e+00
7.723212986308213956e+00
7.934876028584483265e+00
7.764648573753929028e+00
7.539928437570551978e+00
7.557176867138591270e+00
7.569286877765131649e+00
7.577881153230885403e+00
7.580231132095856417e+00
7.610397296704606518e+00
7.592220943286076107e+00
7.617759024308395688e+00
7.608053813685728528e+00
7.607034288015561252e+00
7.651380825125730922e+00
7.644706697541128193e+00
7.612412264844494736e+00
7.633206976104115249e+00
7.641803353844862201e+00
7.660346782686268341e+00
7.646999299646892290e+00
7.689230955909131637e+00
7.651406277096858055e+00
7.688507335264387343e+00
7.739106695858664509e+00
7.799719166045400165e+00
7.731504303013546853e+00
7.786554309165143906e+00
7.667537500922650295e+00
7.697998108909371417e+00
7.700850445289153967e+00
7.723341926296800608e+00
7.731466674909559522e+00
7.780656058449461732e+00
7.742461899859510055e+00
7.784479476510605345e+00
7.692051266886445582e+00
7.684092021096585512e+00
7.719892329099203643e+00
7.717156932877291098e+00
7.684296420836917108e+00
7.697625034946758760e+00
7.727767434479251740e+00
7.735119697423345819e+00
7.756576849603973756e+00
7.767141083777294952e+00
7.816985833821394891e+00
7.819029038474561766e+00
7.770387148644692488e+00
7.801984256576737664e+00
7.813017595122123460e+00
7.822303557791236095e+00
7.873862105415884827e+00
7.966880753531978776e+00
7.854551545773803767e+00
7.937587059834135594e+00
8.090532984237448488e+00
8.256302018779265950e+00
8.055419799713241957e+00
8.230914011862978441e+00
7.842757242156652708e+00
7.913465551337568904e+00
7.846324157684446909e+00
7.892633074180672281e+00
8.013160588985911659e+00
8.199520535189206427e+00
7.972445378354983347e+00
8.147205359607088582e+00
8.436902499297186608e+00
8.558616197387896918e+00
8.439325145264053418e+00
8.561628521455327601e+00
8.619183594707944707e+00
8.649197550993855899e+00
8.617752313496065852e+00
8.646896855602912879e+00
8.434899592893023268e+00
8.555339493573235643e+00
8.423415943570791597e+00
8.531017883934413959e+00
8.608162664984087442e+00
8.637092149999968882e+00
8.589232618726844848e+00
8.623687648682377471e+00
7.861973065693020679e+00
7.885497061171072630e+00
7.887243077090857923e+00
7.877814023865935766e+00
7.921526337475165214e+00
8.088327125106653526e+00
7.887774725379350649e+00
8.030005008535869848e+00
8.392428005141502112e+00
8.500213941459561440e+00
8.367545782685343880e+00
8.467396245313603131e+00
8.562809208282772033e+00
8.606352984838112619e+00
8.545832919828384888e+00
8.593922860169262989e+00
8.665992552435307417e+00
8.675887194421838089e+00
8.662215286337366038e+00
8.673128711946766600e+00
8.682738174368195061e+00
8.687725790603682441e+00
8.679942007211764121e+00
8.685840112078478725e+00
8.657053972791283414e+00
8.667019216057532560e+00
8.644794526950906999e+00
8.661717384283818433e+00
8.676934137166082195e+00
8.682261621422723508e+00
8.669678045072462425e+00
8.679038093736464177e+00
8.691822697584374424e+00
8.695066177491129977e+00
8.689943161590846898e+00
8.693847447479850388e+00
8.697884430715340898e+00
8.700368321924191406e+00
8.696537118996941373e+00
8.699496748151966941e+00
8.688304798072971735e+00
8.691462495888460538e+00
8.683291832037914659e+00
8.689179525175765306e+00
8.695558567654597226e+00
8.697712076563094641e+00
8.691487630844568102e+00
8.695745197538004234e+00
8.636536115564091176e+00
8.651159874600928390e+00
8.629762023570776819e+00
8.649165378406193483e+00
8.666398960747905278e+00
8.672071392835537296e+00
8.662123386302424066e+00
8.671703195815689824e+00
8.680798333356074536e+00
8.683553596903328398e+00
8.677896677931709490e+00
8.683257758726609765e+00
8.689174874634517209e+00
8.690983965387196974e+00
8.686882096341822290e+00
8.690307912963827874e+00
8.692500670150540287e+00
8.677000343523346260e+00
8.643684460145649950e+00
8.663366201640217312e+00
8.674372501712809935e+00
8.687682041062171123e+00
8.669661088888059197e+00
8.678909760770560311e+00
8.671392716261124178e+00
8.665764606003723003e+00
8.692803637639917369e+00
8.684855141973537584e+00
8.666811344638992054e+00
8.663515935419406233e+00
8.675933427589738400e+00
8.662458826710052406e+00
8.709952857363262524e+00
8.703007034205823444e+00
8.717170135873125503e+00
8.710180429810046476e+00
8.695327238104306744e+00
8.690012170488349952e+00
8.704102092050733930e+00
8.696869105174828363e+00
8.718799750526923020e+00
8.716803406048432734e+00
8.720568850657004489e+00
8.722762528987180630e+00
8.712528366714023420e+00
8.706458669060538114e+00
8.719700708901484631e+00
8.715041970375949631e+00
8.681561489199213000e+00
8.674729592269752487e+00
8.689018290736779448e+00
8.679796221702281045e+00
8.661982154003162293e+00
8.666999193157398196e+00
8.669933721403923599e+00
8.666951100332392244e+00
8.699074830305773887e+00
8.690779764808361563e+00
8.708018910107799826e+00
8.700297248400552519e+00
8.681765685680556288e+00
8.681934356433792743e+00
8.692323272582189730e+00
8.689587847058628967e+00
8.664693901219946426e+00
8.675916872886455522e+00
8.669946749942971209e+00
8.671506900044153809e+00
8.673133931708706612e+00
8.671379654937048542e+00
8.680779153532274250e+00
8.688146610185762952e+00
8.687222561289905443e+00
8.676395501851937198e+00
8.695337355425904136e+00
9.411384866805917682e+00
8.670151317556017645e+00
9.431658717164658867e+00
8.722213398608980484e+00
8.726449275832548480e+00
8.721081277647272145e+00
8.724834358495764164e+00
8.724665158043034552e+00
8.720992635669288617e+00
8.730320887772876404e+00
8.725571530364625517e+00
8.718820888139910963e+00
8.723292471916463953e+00
8.723185700143003984e+00
8.729274287751008998e+00
8.725281721253663747e+00
8.727006243192199975e+00
8.730040879164221224e+00
8.727691429376926990e+00
8.725642455397990105e+00
8.730727467781358442e+00
8.722151494014031670e+00
8.727566129893807201e+00
8.731627064741147137e+00
8.729439218786334109e+00
8.727907797052882444e+00
8.727530772979315898e+00
8.727479861322077426e+00
8.729649948118993308e+00
8.730120660589143711e+00
8.731045514723883016e+00
8.715637084818432356e+00
8.708265172906230589e+00
8.720933993295888698e+00
8.714630997682588642e+00
8.700976724749839519e+00
8.699361537115208876e+00
8.708228102352219224e+00
8.704542538657925377e+00
8.725571403314901886e+00
8.719318811429644711e+00
8.727270134169524241e+00
8.722178032683352455e+00
8.713720826084518478e+00
8.711280510854845005e+00
8.717976886387480917e+00
8.714423983858008427e+00
8.718526457220701076e+00
8.722749444608528080e+00
8.715566258550682122e+00
8.719658573522908185e+00
8.723906394409054244e+00
8.723937196257734783e+00
8.720517859148623430e+00
8.721689349143913361e+00
8.713460892359400134e+00
8.716843749696892019e+00
8.711340616929510006e+00
8.714736107824878175e+00
8.718121321565893922e+00
8.719432718610212518e+00
8.715885695741109274e+00
8.717857052348742641e+00
8.725988536392023320e+00
8.728863143979015859e+00
8.722405952736178136e+00
8.726601363760496000e+00
8.709580077476704929e+00
8.712464203852213984e+00
8.707720848389071122e+00
8.710707403324715159e+00
8.714073857712731908e+00
8.716255199321469860e+00
8.712257519050178090e+00
8.715002693626367147e+00
8.706151189982660910e+00
8.708807894474151823e+00
8.704536136828433968e+00
8.707390914734016718e+00
8.710815209064142195e+00
8.713788108679718647e+00
8.709409020784772082e+00
8.712821599850085974e+00
8.719806192700504610e+00
8.724595421231816417e+00
8.717760687490052618e+00
8.722670614108000819e+00
8.727308686860856923e+00
8.723722305553513579e+00
8.726731194355657806e+00
8.724461610794834954e+00
8.720811190459022200e+00
8.718724049436925583e+00
8.722925714102940375e+00
8.720315093406071583e+00
8.725911284269049162e+00
8.724622467250743085e+00
8.724600242904031688e+00
8.723896218385505108e+00
8.723966139771055950e+00
8.722426928407280400e+00
8.723922058525534595e+00
8.722724472434796539e+00
8.699819839598447402e+00
8.693524871005594790e+00
8.708259165764383525e+00
8.697976340885482216e+00
8.680364304841235779e+00
8.714011039792467272e+00
8.702903299674966675e+00
8.717517296881684530e+00
8.706284450518355200e+00
8.691091081835942589e+00
8.703346690828468013e+00
8.706036342618599377e+00
8.702227570207353935e+00
8.705407182590768400e+00
8.708497311230233962e+00
8.711978904255172296e+00
8.707694871921606961e+00
8.711509179594733254e+00
8.701547329619025106e+00
8.703993980410617226e+00
8.698202469252427349e+00
8.701664916046999210e+00
8.706846855193250079e+00
8.710686614601041100e+00
8.704272403263070501e+00
8.708510378527591911e+00
8.716137527974831656e+00
8.720295623310903466e+00
8.716183792656439167e+00
8.721002910118734519e+00
8.695346548568750222e+00
8.697622466931278495e+00
8.693570533790154542e+00
8.696327744809938309e+00
8.701601028469859500e+00
8.706879430159359501e+00
8.700325916655422986e+00
8.708027356120757290e+00
8.713865997294609755e+00
8.724633398687460684e+00
8.723054943614318546e+00
8.722760273551440235e+00
8.724889366903488153e+00
8.726216105488303398e+00
8.723413141688126871e+00
8.721758533225065335e+00
8.727139379415005394e+00
8.724679535307140910e+00
8.732659911477634651e+00
8.735343977994524778e+00
8.737241883040928414e+00
8.734228974405803925e+00
8.721537118052767212e+00
8.714639301630938917e+00
8.734072400720535256e+00
8.723613649784688562e+00
8.702422292925040992e+00
8.635438059901591856e+00
9.447163767680901714e+00
