6.892674234782457887e+00
6.539039353197567017e+00
8.365129281601424438e+00
6.879181976353137884e+00
6.501023474740689423e+00
6.385983200096941204e+00
6.783850202461621848e+00
6.931669716316018359e+00
7.241337203313014115e+00
6.822304477803281308e+00
7.261135483387429090e+00
6.834864859523002600e+00
7.317221819925602944e+00
7.273946008523378026e+00
7.434276404695825846e+00
7.867389154433233500e+00
7.614191683335872263e+00
7.814126823064944105e+00
7.463377716439739906e+00
7.443685303206422077e+00
7.789330175015653168e+00
7.467319329346835843e+00
7.841019307363627178e+00
7.439580014776153050e+00
7.134264630001277752e+00
6.024748572443042072e+00
6.646037669812496773e+00
5.834462351117180035e+00
5.887910220651545679e+00
5.890608507244860625e+00
6.138207312598933818e+00
6.144224863275490556e+00
5.634555176291316414e+00
4.883473393701561527e+00
5.387901693735515529e+00
6.724835684537677771e+00
6.186634190647818166e+00
6.630490290291515265e+00
7.085235277641648288e+00
7.222845763155539167e+00
6.488280377747948968e+00
4.675110478801644653e+00
6.453232689823562573e+00
4.522124416514587963e+00
7.062210166680866763e+00
7.795579443764591332e+00
7.179177463495050482e+00
7.451312697091406534e+00
6.918222778965485098e+00
4.225435714613708704e+00
3.699320712933630517e+00
4.350388311733460078e+00
3.803388881731772919e+00
7.167665019389285241e+00
5.985129432206223399e+00
4.112172957048383815e+00
6.205584674897457020e+00
5.116348038838421708e+00
7.615999870381379822e+00
7.630066009543153172e+00
4.153543218293199502e+00
7.109115414929549459e+00
7.903656490755697206e+00
7.797106524486354218e+00
7.283021583433593626e+00
7.358674190907955825e+00
2.721873909087505705e+00
3.075292822213382848e+00
3.233756625499904391e+00
3.330607825070967642e+00
7.010691174807154979e+00
7.312397885906572803e+00
4.917705705484771705e+00
7.183357768603391591e+00
4.358169749557196937e+00
4.375075288904812787e+00
4.708170360167833302e+00
5.442386650041709295e+00
4.464875658523117963e+00
7.126392590497915513e+00
5.155975473334901693e+00
7.095982426327153370e+00
7.404186327145059643e+00
7.224162639615751225e+00
7.144024627253812376e+00
7.010670590996078033e+00
7.207366723265437258e+00
7.205765081967601127e+00
6.917496996097819206e+00
7.138890896123180063e+00
7.025607719914536808e+00
6.896502795902197391e+00
6.979329349026230922e+00
6.876394858030649537e+00
6.773689189811628708e+00
7.148834138222992074e+00
6.754204289974224729e+00
7.032913957658555759e+00
8.013310346369712178e+00
8.123756916847376885e+00
7.515082598639305722e+00
7.654615866024622406e+00
8.477710868679306344e+00
8.372944038815409940e+00
7.826746966707538000e+00
8.007621659109620538e+00
7.913947917800515874e+00
7.995531146699629055e+00
7.368647767994804809e+00
7.408382984353985456e+00
8.305065140600117246e+00
8.476895995769847758e+00
7.467152252231588072e+00
7.545484082964001971e+00
7.239408188653239762e+00
7.224708189307530226e+00
7.125133229723840778e+00
7.038265929583097602e+00
7.158824219169471981e+00
7.275970231552361334e+00
6.914026615767276063e+00
6.947518335118990862e+00
7.091235156154087171e+00
6.981833079810909837e+00
7.062725273154192074e+00
6.999846176565036160e+00
6.783061919273988494e+00
6.799608177300538792e+00
6.767939656816461813e+00
6.852067530748910507e+00
7.380401296476069462e+00
7.510188248994539961e+00
7.085473556546485696e+00
7.112245243551837071e+00
7.521791022500221580e+00
7.648485661974669725e+00
7.029550432150182715e+00
6.977969231973108144e+00
6.962728556221135179e+00
6.989312922250749516e+00
6.963365434825276701e+00
6.989122004943862265e+00
6.826659300867188307e+00
6.746209632856342786e+00
6.787310323212635055e+00
6.790993202985485588e+00
8.833701865034992551e+00
8.839138058925405161e+00
7.559032186235008055e+00
7.579691198252614726e+00
9.113021777087526587e+00
8.979084162598750751e+00
7.572423469689399056e+00
7.611786253929379242e+00
7.650941432558201249e+00
7.693185734388142016e+00
7.027619458781404482e+00
7.069126224430140937e+00
7.691916721372945354e+00
7.741955993422664939e+00
7.057000452615268316e+00
7.046542747072170876e+00
6.845712415289810338e+00
6.912670780804935688e+00
6.848351032142359962e+00
6.912207286239828719e+00
6.872513805494601336e+00
6.857921211283423801e+00
6.841319121163292216e+00
6.863542843328881204e+00
7.717278800332118216e+00
7.674145200882512619e+00
7.051583296400216305e+00
7.044483630144044106e+00
7.673534861077577318e+00
7.708136363657924761e+00
7.016450478097919330e+00
7.025732047660724788e+00
6.880720514207584237e+00
6.890004839261052005e+00
6.871882770180163469e+00
6.895876360588395926e+00
6.828761164402495254e+00
6.846452918197078574e+00
6.801383319378592418e+00
6.877933447724885241e+00
6.880460557348345496e+00
6.932187939475999094e+00
7.367222008706471037e+00
7.458556449875797689e+00
6.965633088028587494e+00
6.822055054194724022e+00
7.547756864748788708e+00
7.627505598815089272e+00
8.748201810007280699e+00
8.438856260866767656e+00
8.160017910596407020e+00
8.282223509158768593e+00
8.715484657929538415e+00
8.343598913070483292e+00
8.310238321427902974e+00
8.363832874620952040e+00
9.276289180810929125e+00
9.095197995749360942e+00
7.624208793903815895e+00
7.654040630690023050e+00
9.349682501473361995e+00
9.127055951991485117e+00
7.634480287156694800e+00
7.650603772421978199e+00
7.754196861802629570e+00
7.727162942905540177e+00
7.052322627167153968e+00
7.064690390554508426e+00
7.756872687626851892e+00
7.765083053606775643e+00
7.074930798103333807e+00
7.102373520976134280e+00
6.868212837132728232e+00
6.879187126876836089e+00
6.876585479357349762e+00
6.886575495590689044e+00
6.853571255307906007e+00
6.904736969286126680e+00
6.804731719645752186e+00
6.905936568758493266e+00
7.745929609093029633e+00
7.683638740474882489e+00
7.100980191114035556e+00
7.079557892304462641e+00
7.702216267449008669e+00
7.764005121022371725e+00
7.067865863745994126e+00
7.119560820397294876e+00
6.913460245617396360e+00
6.901113651491610490e+00
6.908593335029145521e+00
6.904618808281164810e+00
6.854427919899192645e+00
6.912034036168119400e+00
6.808582062963291825e+00
6.892842516151741705e+00
9.372931059302258561e+00
9.101857621798544073e+00
7.652903249543935082e+00
7.684219482015071101e+00
9.314027509601972454e+00
9.044728950003994683e+00
7.688449400288621227e+00
7.732385997355619267e+00
7.862042478341761509e+00
7.848610375428634711e+00
7.165431023266956245e+00
7.181892538784818036e+00
7.882482501623627513e+00
7.872160449194089971e+00
7.193592999754081951e+00
7.199313768411808034e+00
6.944641220751932131e+00
6.950190674178199579e+00
6.899640157286393460e+00
6.900086805271945067e+00
6.943753873026468071e+00
6.962934144680313686e+00
6.872245481215260021e+00
6.918785219508722051e+00
7.862068667267189781e+00
7.772084377172045144e+00
7.172476565309298557e+00
7.133091689113716605e+00
7.803060758281328724e+00
7.819242340041253847e+00
7.131697764369437920e+00
7.176870559386806292e+00
6.945109529410816052e+00
6.906058571809611024e+00
6.909352316421658813e+00
6.886393908406324371e+00
6.868758487998621654e+00
6.946048250134497337e+00
6.796875044429706136e+00
6.929563212981129539e+00
8.603806570716761470e+00
8.279304100341711603e+00
8.417041986422075794e+00
8.355319587209695698e+00
8.430495152862453878e+00
8.392116990294406165e+00
8.281392273400896897e+00
8.579421011766491745e+00
9.316690247415420956e+00
9.050077094458712779e+00
7.722195332909271848e+00
7.727493491685967442e+00
9.326423091722046976e+00
8.979770027522876674e+00
7.685070423341434420e+00
7.676136983890749832e+00
7.845164028872274820e+00
7.788221840203396695e+00
7.183774376352133118e+00
7.166116874423520855e+00
7.816083042634243583e+00
7.856332995357644400e+00
7.161224183816940148e+00
7.182495940546933966e+00
6.960445825453089874e+00
6.939643720621631928e+00
6.943117786806110026e+00
6.921403242941801537e+00
6.886818489231419704e+00
6.931184348428230280e+00
6.804361183600995844e+00
6.902373700016357638e+00
7.869062164208251886e+00
7.838679946695509493e+00
7.180502455207936841e+00
7.175398932730741031e+00
7.908080512234893611e+00
7.971372888254697919e+00
7.195937109429856093e+00
7.218299834509132040e+00
6.951646340597384288e+00
6.948912902371911393e+00
6.924194886948810357e+00
6.922216684029767642e+00
6.928407629013466185e+00
6.945968257735816387e+00
6.845874814807533681e+00
6.891273963293129690e+00
9.234775192877011207e+00
8.729963231447506189e+00
7.635554089914815101e+00
7.627532315790316098e+00
9.158567924616518141e+00
8.843655324625366632e+00
7.578792890781309133e+00
7.546205949798745038e+00
8.020209600585737064e+00
7.916193228809186522e+00
7.205867252531976241e+00
7.197618493404633000e+00
7.956227436362113714e+00
7.852331161890731437e+00
7.235565880346534584e+00
7.217369579307533201e+00
6.952355034070198947e+00
6.948796720561030149e+00
6.897509130621044982e+00
6.898493645310075806e+00
6.975929404468374173e+00
6.958659058939431930e+00
6.892511506135005739e+00
6.908286204085593241e+00
7.809324329620575433e+00
7.615503552703336787e+00
7.138648564227995763e+00
7.100455084492907964e+00
7.869913658923354483e+00
7.821130088531371705e+00
7.220592240405478535e+00
7.225819672623859269e+00
6.912399352933120689e+00
6.888010301297943450e+00
6.880960445796796776e+00
6.870337983237478241e+00
6.955432551321162116e+00
6.959798268325194215e+00
6.882267874072031333e+00
6.915359480019426464e+00
6.846102121987153843e+00
7.592618040288494186e+00
6.986661410843560738e+00
6.861739420892670971e+00
6.931083473096245839e+00
6.852358280774224042e+00
6.777982826365997582e+00
7.056479785075791433e+00
5.944236130944039687e+00
5.909370242626590830e+00
5.982733871535155679e+00
5.719413532022146640e+00
6.202663035750171083e+00
7.116356899395856139e+00
6.048514512986304048e+00
6.786765819496020313e+00
6.481815581021525219e+00
6.078930991094294356e+00
7.741622405324501521e+00
7.028310402184148487e+00
5.047272681762952296e+00
4.879616553362904341e+00
4.179077670419961699e+00
3.288269103248597780e+00
5.293576289020621495e+00
5.982507040344385629e+00
2.983117242452199225e+00
2.976189164623377792e+00
6.490016980626139187e+00
6.821326025385071823e+00
9.232532484692988817e+00
8.804189277188644525e+00
8.818890143656188840e+00
8.538326973952637289e+00
8.166168434510950647e+00
7.650283405040828377e+00
8.988336636043312566e+00
9.093521877634087147e+00
8.814686372227884092e+00
8.740970340933115423e+00
7.979539211474536486e+00
7.132278462539875186e+00
6.837879472208805431e+00
6.375741048869777217e+00
9.852654538874109136e+00
8.673836526077105091e+00
7.378426308399972378e+00
7.302785291910185883e+00
8.930251707469308187e+00
8.305785340572587216e+00
8.744590418096992224e+00
8.799848027352762614e+00
8.031022562159138900e+00
7.892023136285089890e+00
8.751557123862308885e+00
8.462619223385729583e+00
7.658796865523902042e+00
6.898015351547081231e+00
7.822763345162615067e+00
7.477448250324715495e+00
7.169014285867067571e+00
7.082118212324298945e+00
7.379536890773271907e+00
7.063554880371891720e+00
7.060865817999609106e+00
6.851810125624172798e+00
6.950256900256539083e+00
6.954766795533807056e+00
6.892441498074466821e+00
6.929139461068098527e+00
7.052925438212033882e+00
6.963747223430448940e+00
6.865344899732155781e+00
6.851702871066059686e+00
6.574906198554756109e+00
5.943546996244471359e+00
7.103257371066631798e+00
5.304559614170551995e+00
7.184744406277746798e+00
7.828158789261672190e+00
8.529112279648604300e+00
8.053105792561686016e+00
8.294493117515019165e+00
7.090604238281025928e+00
8.014541570672298221e+00
7.644077061921122684e+00
6.558600435745802315e+00
7.528211056136009383e+00
7.764057335170353014e+00
6.753446051300690200e+00
6.702409148408719375e+00
7.206890283045240153e+00
5.845654800696767239e+00
5.718167743830852245e+00
5.833745156902330642e+00
6.054457678486373062e+00
6.892814232481444314e+00
5.909258032082912671e+00
7.870047061288360624e+00
5.908892058141223202e+00
5.932436606845253202e+00
6.276423513758532025e+00
7.741738190296103994e+00
6.094185532343382228e+00
7.215626137185998878e+00
6.975556607349919780e+00
6.175975098960335252e+00
6.459337618598575581e+00
6.496861657914402066e+00
7.022382942425959840e+00
6.225502989711053203e+00
6.502961589958767163e+00
6.302970293931649870e+00
5.944009681124966527e+00
7.395306964068920408e+00
8.002581618826143384e+00
7.571991647928770774e+00
7.048541354035286588e+00
7.280286516608673431e+00
7.289012078503583680e+00
7.984766517339259018e+00
7.276940334875258820e+00
8.098421073793776515e+00
7.786468235390587189e+00
7.662291587179313801e+00
7.653061478218948999e+00
7.263684147336486596e+00
6.860353036080708122e+00
7.499812232011207058e+00
7.329306342235263116e+00
7.855719240802688574e+00
7.466195171897163085e+00
7.297699818979266340e+00
7.563297658173314453e+00
7.115112902953883101e+00
7.724505675141155159e+00
8.571384850595055838e+00
7.919674469526380989e+00
8.834475105638713188e+00
9.061251705311816451e+00
8.860903144347801685e+00
9.044012791165641829e+00
8.451741305217552735e+00
7.552975103080962427e+00
8.088798502424554115e+00
6.651799155287354992e+00
6.540286959481635520e+00
8.664005851819061022e+00
7.790095402965673266e+00
8.343733689571157797e+00
7.967085818600805780e+00
7.504816529343512954e+00
6.617538224801968738e+00
7.193682671915491156e+00
6.633022344002681869e+00
6.101656523035805968e+00
5.805606326985282450e+00
6.887407836802903915e+00
6.434258571208402167e+00
5.726253006079108587e+00
5.710996199734085899e+00
6.251366391857589910e+00
6.837581108541497699e+00
6.653110801368322669e+00
6.751019678207865304e+00
8.179367930097578565e+00
7.391798272279954674e+00
7.075745734647888696e+00
6.888978948188831275e+00
6.595026124374395060e+00
4.845753330281898918e+00
5.870665974249662078e+00
3.003613377232764670e+00
3.336372550921200997e+00
6.889692753473113385e+00
7.079772684957876372e+00
4.757177088204492144e+00
5.770263453786597552e+00
6.794206232331818640e+00
6.711826627346687779e+00
6.737607100560532025e+00
7.057892916681348439e+00
6.597507504221017172e+00
6.983025767464535960e+00
6.806066165542606683e+00
6.959345242608200977e+00
7.279728544764655140e+00
7.364064449091245024e+00
7.284637105150010505e+00
7.391047767880142949e+00
7.055260174275135299e+00
7.428437802093247555e+00
6.991167273188262143e+00
7.441044758078026788e+00
8.005010787293425523e+00
8.426999138542305090e+00
8.773113619938570196e+00
9.323976775639689407e+00
8.696124699075818754e+00
8.970054260784413813e+00
9.547872089792107886e+00
9.543990850742467558e+00
8.940291337926161930e+00
8.874457269155575645e+00
6.329077687785925832e+00
7.003312663598342702e+00
6.037175646460879008e+00
6.650558914582289205e+00
7.914888851883650212e+00
8.376541582183682166e+00
8.195988774887846162e+00
8.404159745535682902e+00
6.130983157948859841e+00
6.446657246340543601e+00
8.003413454064643773e+00
6.699924550326364248e+00
7.261267814656743091e+00
6.379815396249953530e+00
5.401385057288028868e+00
5.019955650962709903e+00
5.369977886919696353e+00
5.334857482477979751e+00
8.450404229386140997e+00
8.176184879514877935e+00
9.527376303923373868e+00
9.404094931998267626e+00
8.857557201127779223e+00
8.767310866650126044e+00
9.142499726400901139e+00
8.926685333059813487e+00
8.576470274797626914e+00
8.562555723777411032e+00
7.592455393540981312e+00
7.019185727401683117e+00
8.620104293249267968e+00
8.210848541334952344e+00
8.734613995409169718e+00
8.738363700561643910e+00
7.438011891877811976e+00
7.334264886146072193e+00
8.202515286766839608e+00
7.783304594574568469e+00
5.936870361786010797e+00
7.474219926921795931e+00
5.388443726649712495e+00
7.767212786185487161e+00
7.123249534351526968e+00
6.794384685389525558e+00
7.477512836979756550e+00
6.208942625655302194e+00
7.844263791336921088e+00
8.647098450468636344e+00
6.645173935039325741e+00
8.598909683587674380e+00
8.444384909933546624e+00
8.192735217297919093e+00
9.075490732221217272e+00
8.775167174963522498e+00
6.839593967093149374e+00
6.543190954837629469e+00
6.782199148703793590e+00
6.526995244348384517e+00
7.428252912215668857e+00
6.831601442206538977e+00
6.212563844946118685e+00
6.179981763898410918e+00
6.410747820240080053e+00
6.089907992061247555e+00
6.512363774121801896e+00
6.691575699420858392e+00
5.982198543381944233e+00
6.017881300330878425e+00
5.619448083179896081e+00
5.496071937239537242e+00
6.136279396478268922e+00
5.669779446668615996e+00
5.722122267936001982e+00
5.573846212638757791e+00
7.979374752248906688e+00
7.764621830531083013e+00
7.974450589034445258e+00
8.011408200388464351e+00
7.161445074632699637e+00
6.219794924784230794e+00
7.832196224451339894e+00
7.114470959470457601e+00
5.309118574583310490e+00
5.000071812779455449e+00
5.397907977912935529e+00
5.187571921703195699e+00
5.210040623464500698e+00
5.386237283676112320e+00
4.852894933050873938e+00
5.482387688063680820e+00
6.768055051797806421e+00
6.636499178915211239e+00
6.626418935054956272e+00
6.476195044120282240e+00
6.918820995497902970e+00
6.281117760387122217e+00
6.565831500045773872e+00
6.436222570778600272e+00
7.403420851655940105e+00
7.234816484404345438e+00
7.397039976425134888e+00
7.341017285143727200e+00
7.384817509905524879e+00
6.529457825788631986e+00
7.462939228240801803e+00
7.526017757546831000e+00
7.355585546473257352e+00
7.214240607339609035e+00
6.784838861727547688e+00
7.332914743606729679e+00
