8.782653649726805511e+00
8.440182631747351394e+00
8.744829822723971802e+00
7.435437842272987652e+00
8.823753081517995867e+00
7.682012074649463784e+00
8.719806072421922849e+00
7.488374230842995694e+00
7.289360513130929142e+00
7.230397556968817696e+00
7.253228932503072102e+00
7.190514151003032595e+00
7.166603353033073276e+00
7.053827500797272165e+00
7.141489758274924604e+00
7.096701311889393793e+00
7.128582790949246295e+00
7.063583211356568192e+00
7.009762318997599273e+00
6.958364306165969460e+00
6.986398547992443753e+00
6.895421948518872135e+00
8.270648302020020992e+00
7.933007659721731386e+00
6.928770014456013371e+00
6.726557195658868338e+00
6.899427173180480821e+00
6.822844915245370068e+00
6.802722150495157827e+00
6.662034309593149572e+00
6.697215808874176446e+00
6.532263998416626194e+00
6.457016851673325064e+00
6.282250016362342038e+00
6.785152860516269868e+00
6.641872721194789442e+00
6.434036681598283458e+00
6.324966640318598898e+00
6.143368858528961418e+00
6.088203155403941302e+00
6.361784582673372768e+00
6.216664636661311860e+00
6.067157809644679212e+00
6.030103560888550263e+00
8.623087557553166249e+00
7.429700289322540563e+00
8.534713599206190437e+00
7.386808937130340702e+00
7.284308364964636517e+00
7.243480149561587922e+00
7.279615496703829791e+00
7.226674474614262600e+00
7.206902689922375593e+00
7.185103532189418551e+00
7.195282169937781802e+00
7.168379445111968451e+00
7.256859240830777935e+00
7.208934587722489518e+00
7.245888224599799088e+00
7.196071975558337108e+00
7.180518640805928499e+00
7.153921163747562595e+00
7.168265481650501592e+00
7.142123648320174212e+00
8.456693362172012840e+00
7.356485117019642139e+00
8.390372338960899512e+00
7.337034965255216257e+00
7.230665919968936706e+00
7.184238042086005471e+00
7.222539688258443391e+00
7.175282746741665996e+00
7.157569890035919258e+00
7.131871150666179382e+00
7.148678835359955741e+00
7.123005918227596212e+00
7.214048398866187206e+00
7.167766120729886836e+00
7.208208120619876702e+00
7.161925846197967793e+00
7.141150975181141725e+00
7.115109055986486908e+00
7.134790112073909008e+00
7.107707327473862691e+00
7.147648182109425541e+00
7.123940396160661770e+00
7.137587508397364111e+00
7.106355474647962467e+00
7.079681352094485902e+00
7.051934170069601215e+00
7.068659586794121985e+00
7.028943363065528693e+00
7.124619776201911669e+00
7.092084944292036397e+00
7.113142076153013527e+00
7.079914919417357844e+00
7.054446166799714923e+00
7.011046005180373797e+00
7.040855949390677715e+00
6.994469755366798047e+00
6.996768056113555900e+00
6.962286638268054162e+00
6.980217485123682231e+00
6.927125919124268449e+00
6.893598321135347540e+00
6.847328064151965599e+00
6.862282946748210932e+00
6.788549076838172880e+00
6.959596947875046347e+00
6.898157643406257478e+00
6.938415340512124274e+00
6.869063840456230530e+00
6.823766741251886536e+00
6.732994171674313577e+00
6.781630866322192475e+00
6.670349040821219155e+00
7.102865713273443404e+00
7.068687041777331537e+00
7.093548505526018566e+00
7.057359522232754756e+00
7.027369070136034956e+00
6.977630703909546206e+00
7.013093544986854333e+00
6.959199154748310967e+00
7.084219073533470024e+00
7.045147955432761400e+00
7.075235404565879627e+00
7.038092650139385675e+00
7.004843527110071300e+00
6.945913378860216092e+00
7.024130908994473899e+00
6.998543561264590096e+00
7.019460312529753665e+00
6.983279028673829991e+00
6.960758845376378012e+00
6.934775300628299277e+00
6.948756377581810639e+00
6.916254585689062928e+00
6.916599930189329726e+00
6.838928306251593092e+00
6.893117490663614788e+00
6.806988323317899159e+00
6.736733767233802794e+00
6.599779635373494102e+00
6.688813280773456604e+00
6.521151674788060681e+00
6.874691234897536418e+00
6.779994416882738406e+00
6.890858703439055155e+00
6.858038708055993915e+00
6.877670977110676098e+00
6.836262412878333805e+00
6.798930945944429816e+00
6.753975392990679616e+00
6.784326225833595458e+00
6.726690757508722918e+00
6.645332063235732001e+00
6.444388946626753878e+00
6.668926483175368070e+00
6.602878749377004475e+00
6.651430602833243277e+00
6.564918188931241794e+00
6.473819099627368345e+00
6.373323723871569868e+00
6.448752480656033015e+00
6.313994198766565091e+00
8.336591676495162417e+00
7.326778295369426708e+00
8.295908958906062836e+00
7.323506407258481232e+00
7.205251710880030913e+00
7.157794096406919770e+00
7.201172285878576496e+00
7.154369518741492406e+00
7.129456731868904384e+00
7.100800061330872381e+00
7.125121213119578911e+00
7.094943884546432322e+00
7.202136625292336447e+00
7.152884476717655815e+00
7.199484003993096515e+00
7.151351317691008624e+00
7.121992489513026214e+00
7.090258130350583166e+00
7.119669082948153260e+00
7.086629285716361970e+00
8.268403904864150888e+00
7.324117368868511058e+00
8.255401246958305350e+00
7.322342402379972803e+00
7.202260003025211965e+00
7.151504814580808223e+00
7.200916951549278799e+00
7.151230711535547790e+00
7.118321815134724062e+00
7.084015009750223690e+00
7.117530544182987029e+00
7.082332340140978566e+00
7.201558986124506845e+00
7.150896398312032609e+00
7.194554664856368298e+00
7.144079477530214994e+00
7.116430024482428784e+00
7.080639805136746290e+00
7.109686029646940852e+00
7.074006410219330299e+00
7.065557675370313540e+00
7.023951871016516968e+00
7.057649999252086026e+00
7.013374053477767767e+00
7.009252431790240045e+00
6.972812687696782419e+00
7.004171203046704264e+00
6.966129830299176540e+00
6.938872121811299643e+00
6.905031194272271300e+00
6.931728657918009517e+00
6.897220231731480133e+00
6.997324269843359090e+00
6.959822036010125501e+00
6.992792585750789769e+00
6.954234552628382637e+00
6.925210018953627866e+00
6.890272966837465596e+00
6.919144776846243516e+00
6.883798865965310654e+00
7.051223007070642090e+00
7.004760496929592684e+00
7.046077536816537368e+00
6.997660611383507145e+00
6.987221836440181910e+00
6.948787417071101480e+00
6.982927996823144134e+00
6.943795030789887690e+00
6.913407977177816299e+00
6.877733519746789703e+00
6.908061603314219923e+00
6.872078616657436356e+00
6.978461801975208267e+00
6.939143306226297270e+00
6.974462911020124167e+00
6.934754543317922959e+00
6.903079232264881071e+00
6.866818131797503888e+00
6.898443494557950473e+00
6.861943306354963745e+00
6.866894724991480459e+00
6.823534152971704181e+00
6.858717495289883281e+00
6.814516545580094231e+00
6.772094223464431906e+00
6.711247096541110402e+00
6.762504369364924273e+00
6.700161354697443450e+00
6.851354542893259847e+00
6.806622631258687051e+00
6.844516299136099491e+00
6.799418412107602450e+00
6.754032713955042233e+00
6.690757221868000038e+00
6.746436784799128894e+00
6.682621879391600572e+00
6.635997802170228610e+00
6.543293894394632382e+00
6.623401419559770353e+00
6.527185493759664503e+00
6.425069437877221290e+00
6.278305046775566112e+00
6.404551021880737771e+00
6.249827946682896318e+00
6.612637088566587273e+00
6.513935389626595907e+00
6.603642566565296690e+00
6.503344400877644205e+00
6.387295263693157921e+00
6.226209791084613698e+00
6.373815288544230739e+00
6.207981163142274994e+00
6.838162712900437867e+00
6.792829134332063035e+00
6.832277766356773085e+00
6.786819031434720095e+00
6.739662848016870988e+00
6.675672017740934550e+00
6.733664062066980982e+00
6.669844729044165810e+00
6.826837857094544049e+00
6.781346441339234588e+00
6.821825758694443742e+00
6.776373556842084867e+00
6.728373789557195117e+00
6.665040452749572353e+00
6.723719325563044968e+00
6.661133358339959898e+00
6.596414298927852471e+00
6.495466637196891213e+00
6.590905434430344378e+00
6.490311123220403822e+00
6.364453348190707516e+00
6.195797405549218873e+00
6.359399018510059065e+00
6.190164981457812132e+00
6.586987558636122841e+00
6.487745450933919855e+00
6.584463380650377395e+00
6.487492249306596293e+00
6.358596043146103050e+00
6.191241597721563572e+00
6.361715600049196340e+00
6.198748708770462912e+00
7.042143275435510219e+00
6.992006957787821442e+00
7.039422712333446519e+00
6.987875911972899701e+00
6.971011633682431707e+00
6.930888779250075515e+00
6.967473699036844437e+00
6.927189375518234549e+00
6.894220642070828298e+00
6.857475273721289177e+00
6.890357833776107555e+00
6.853424506246446946e+00
6.964994795517753801e+00
6.924174797548118931e+00
6.962222550680948530e+00
6.921364979508746629e+00
6.886998602476885445e+00
6.849855307041869068e+00
6.884087796207936094e+00
6.846806772538966968e+00
7.037154060973263014e+00
6.985357956156369674e+00
7.031543373909071803e+00
6.983205105729447304e+00
6.960925770634455390e+00
6.919469496099799777e+00
6.959835333350826048e+00
6.918469573028658282e+00
6.881881669061825413e+00
6.844436897571617884e+00
6.880757518043740362e+00
6.843186570836229166e+00
6.960276613016185721e+00
6.919422396628895910e+00
6.958811308968020803e+00
6.919686596203959539e+00
6.881464236496659836e+00
6.843756806611929200e+00
6.881925476595328384e+00
6.844291064805671176e+00
6.817243383999842976e+00
6.771878056460900908e+00
6.813106197709479339e+00
6.767857634322401061e+00
6.719637334164150211e+00
6.657991795686844405e+00
6.716084762518532258e+00
6.655497305055940949e+00
6.809457364831157378e+00
6.764335631966554629e+00
6.806353570449471313e+00
6.761360598371627617e+00
6.713046728847792188e+00
6.653560108084958458e+00
6.710539912184054323e+00
6.652126753528087022e+00
6.583094435233256547e+00
6.489160157664284334e+00
6.582632451989817390e+00
6.492291648662051884e+00
6.368181161525042988e+00
6.211966467619139287e+00
6.377232926453016759e+00
6.229801077795181108e+00
6.582849134063136098e+00
6.496416847791804727e+00
6.583553075507848185e+00
6.501089382653772120e+00
6.388016335238486221e+00
6.250907363918924098e+00
6.399651830729766289e+00
6.273800289907284444e+00
6.803926249050710418e+00
6.759042605415316984e+00
6.802606662813783345e+00
6.757776017091522647e+00
6.708635632525976611e+00
6.651191602746905573e+00
6.707663215778360666e+00
6.650971678549718824e+00
6.803115849782286340e+00
6.758299543068012838e+00
6.803789053271780851e+00
6.759135063337359028e+00
6.708350512503227669e+00
6.652125635012512639e+00
6.709388524885518734e+00
6.653471040379160151e+00
6.584589575718476695e+00
6.505876097960023863e+00
6.585976850055075715e+00
6.510441567943288987e+00
6.411220320087787528e+00
6.296827830649014857e+00
6.421774254889220934e+00
6.318053059260370752e+00
6.588194685830852215e+00
6.514884904449595560e+00
6.590089876875864228e+00
6.517865921688187569e+00
6.430666816527888408e+00
6.335449602588297147e+00
6.435890880224696353e+00
6.345328693506251838e+00
6.770526414824438177e+00
6.705647410303469336e+00
6.704896413205910122e+00
6.602848675031980363e+00
6.597387224951716256e+00
6.502581069424046234e+00
6.482931464521760390e+00
6.343421328029754669e+00
6.625902823111966988e+00
6.496459359102818354e+00
6.531832542622724169e+00
6.365517168894783140e+00
6.346032985731332232e+00
6.186294280870274775e+00
6.183620274400033701e+00
6.022353556973071065e+00
6.351674250953805334e+00
6.271119638461469137e+00
6.202208910937766717e+00
6.101712514345122074e+00
6.169780171251325385e+00
6.132834289189143639e+00
6.040451437719895011e+00
6.009131125588434763e+00
6.050761259504211509e+00
5.976702907345607940e+00
5.925555326535669742e+00
5.903882922708619141e+00
5.949523218450813111e+00
5.947140968812968609e+00
5.919019216479364687e+00
5.943372240594467115e+00
6.419899706300784992e+00
6.204734552545985160e+00
6.288460445234860252e+00
6.017458380374089089e+00
6.002203433377415465e+00
5.883344508910434811e+00
5.832117792769870412e+00
5.820719949933558901e+00
6.154113999275296010e+00
5.844142632876796917e+00
6.182276365370532822e+00
6.050958639088938718e+00
6.140351085965011890e+00
5.964338147428462023e+00
5.846310149078032481e+00
5.779781615401095252e+00
5.798580247548216882e+00
5.728170237252022901e+00
5.749068814972948083e+00
5.886515894241557412e+00
5.737255544564257015e+00
5.810860435171238514e+00
5.753249514204390458e+00
5.865265326630543896e+00
5.909463557644798470e+00
6.010854187235273649e+00
5.995587352688525939e+00
6.119667344966128297e+00
5.865859179283877012e+00
5.907055697613084355e+00
5.905038005241685539e+00
5.997710255911834487e+00
5.957826683203821361e+00
5.998106928127590720e+00
6.067314391633756188e+00
6.111253087352147340e+00
6.053614981329282330e+00
6.171949465341746155e+00
6.107343865785706427e+00
6.178396368666402516e+00
6.219081050333876703e+00
6.297714442271217017e+00
6.240346124108908654e+00
6.282904234854153280e+00
6.355988970647115543e+00
6.400148774081456438e+00
6.243203853387441882e+00
6.280542963201761530e+00
6.317777215130182533e+00
6.340891931432324213e+00
6.431593067510708472e+00
6.454184948966559254e+00
6.357443826729539005e+00
6.367400358839980790e+00
6.468649302809125423e+00
6.477168817238528220e+00
6.069078585413182125e+00
6.051033249347566034e+00
5.990513387668451983e+00
5.981664682205256156e+00
6.027944337621494064e+00
6.004873695637367170e+00
5.973559903439498164e+00
5.961094170417265303e+00
5.952175661161739129e+00
5.957526281653500178e+00
5.963167094480708030e+00
5.975782446595451880e+00
5.958619796241491962e+00
5.953521282429113270e+00
5.980266089880183600e+00
5.977254673441776411e+00
6.000675048375416765e+00
5.970588338231689995e+00
5.949811487040454594e+00
5.932363520859074590e+00
5.976016142915017149e+00
5.932955642650667549e+00
5.920193535629810988e+00
5.895176800099450887e+00
5.943557796041373464e+00
5.929245361543931558e+00
5.967913067576565034e+00
5.953283297876952318e+00
5.911880241012963388e+00
5.889488307153929014e+00
5.933540608820109696e+00
5.908248972907392371e+00
6.023604135673524596e+00
6.036597214060096306e+00
6.134371642256944313e+00
6.142458699205163519e+00
6.039543175022950905e+00
6.034732324238916590e+00
6.140007188644233338e+00
6.130351521487185096e+00
6.294350759426631470e+00
6.292030424350742557e+00
6.371474074875414395e+00
6.372299298332989359e+00
6.480226061642802904e+00
6.479092368017083103e+00
6.367865275332619035e+00
6.362392644030118838e+00
6.474313748728451223e+00
6.466632559679786674e+00
6.278974692592758977e+00
6.259267241433686735e+00
6.352432688491664869e+00
6.342850143874842139e+00
6.456770093893602791e+00
6.445060128040402070e+00
6.329743049160792445e+00
6.317726603307696642e+00
6.432406337598241208e+00
6.418685200283258396e+00
6.023800523927048900e+00
6.007574035514561928e+00
6.115625836166478813e+00
6.096591031017324802e+00
5.985677355019435986e+00
5.956682702940987006e+00
6.072247738477923207e+00
6.039621201701407927e+00
6.235721544239176239e+00
6.209468283103799280e+00
6.303166100032466801e+00
6.289760600452035000e+00
6.404919683796171270e+00
6.390417038332442345e+00
6.274366258074478786e+00
6.259745824061563546e+00
6.376158108443780392e+00
6.360865483016214128e+00
6.179265600348813336e+00
6.140814066150481310e+00
6.242532544653198734e+00
6.225729853524858193e+00
6.345131034089993349e+00
6.327337467375309998e+00
6.203616712364167007e+00
6.182260828097453143e+00
6.307027526109804327e+00
6.282865369520179044e+00
6.100348043289842259e+00
5.913210405308848117e+00
6.064093487109303737e+00
5.872775070303397627e+00
5.764383032406946938e+00
5.722671717190035423e+00
5.739883427167681518e+00
5.737456033915707465e+00
6.033308061675224820e+00
5.840495046158062920e+00
6.009576374438327484e+00
5.817315909456793221e+00
5.726670037294660176e+00
5.768745737344168845e+00
5.725429387299167949e+00
5.815279646008130854e+00
5.799139666102710144e+00
5.944709966120753641e+00
5.861607997884552113e+00
6.038640370840631100e+00
6.096906487443110478e+00
6.227698091093270882e+00
6.205635446328507498e+00
6.339758993204640092e+00
5.940299626819908418e+00
6.146321291673371157e+00
6.034339493358195305e+00
6.267352588219635479e+00
6.324689538957485979e+00
6.460500257853801997e+00
6.455115833950284987e+00
6.591744682907486386e+00
5.993994528349409379e+00
5.803965408236148704e+00
5.987404577846982434e+00
5.800832911717548335e+00
5.735458885830816200e+00
5.875040820736914249e+00
5.755162649320579860e+00
5.945188999847034417e+00
5.990226935310647427e+00
5.807854206436164901e+00
6.002347555256858591e+00
5.824557015108616120e+00
5.782100049373487316e+00
6.021860534506721763e+00
5.813239754228071376e+00
6.099958918759374349e+00
6.142253881030788065e+00
6.401416464042593901e+00
6.262455602716173964e+00
6.548527593843909145e+00
6.597621213654081274e+00
6.734912092760202640e+00
6.753165315136724800e+00
6.891655147349808885e+00
6.393088919956995575e+00
6.708788788246098811e+00
6.531587806654690631e+00
6.881681462304016783e+00
6.922632632949196285e+00
7.063423275866438367e+00
7.105682718714482426e+00
7.249906286636271346e+00
6.329330961487923624e+00
6.406304871228599929e+00
6.440600489380455151e+00
6.515037079653281715e+00
6.463069508868554358e+00
6.504986885213176251e+00
6.569667680938584553e+00
6.609767052516793306e+00
6.559598664297080717e+00
6.631689194600193460e+00
6.689159294456626270e+00
6.759794705285007588e+00
6.684655881408500200e+00
6.723922141725420687e+00
6.812441739586073908e+00
6.852527019718462675e+00
6.535047044171379049e+00
6.556113915864054675e+00
6.638788679251916847e+00
6.659178385766117536e+00
6.569709098226820920e+00
6.577272566465677706e+00
6.672508883324384854e+00
6.679952294444615468e+00
6.752904316859964950e+00
6.773755678175660044e+00
6.883178531538127309e+00
6.906163340482428303e+00
6.787840675958180192e+00
6.796118782635593547e+00
6.922515201442625887e+00
6.932936846203582526e+00
6.831485234271559293e+00
6.902381694709244009e+00
6.989067247615983192e+00
7.062975482918249170e+00
6.956992868438717004e+00
7.000474930821168229e+00
7.123022629723352317e+00
7.173717678364144312e+00
7.164222070163861034e+00
7.245102876688675586e+00
7.357166309456648179e+00
7.450012131555534545e+00
7.315502738498757651e+00
7.378766843648191021e+00
7.537029586384776714e+00
7.619660103400180517e+00
7.035412401574661523e+00
7.063012583223044594e+00
7.216771792112107065e+00
7.252585420863843169e+00
7.083851275460607333e+00
7.098306648868505597e+00
7.281111532014404197e+00
7.302313327862931303e+00
7.435276350040067150e+00
7.484280540079813804e+00
7.696303432728712757e+00
7.764591100439846905e+00
7.524893682040004528e+00
7.556554906059218979e+00
7.822555295755971194e+00
7.869029256651383086e+00
6.023092037690681799e+00
5.850232226164337135e+00
6.051282847361252770e+00
5.884171575150400457e+00
5.845517634205500634e+00
6.172916552863987327e+00
5.876768647083236097e+00
6.232634886203362257e+00
6.085361614427974963e+00
5.925885470068157801e+00
6.123476506647639539e+00
5.975063457034556436e+00
5.907069884393662207e+00
6.270280155886825746e+00
5.940147409756797003e+00
6.279406763325646956e+00
6.673706703954661812e+00
7.064305206001450621e+00
6.811756189104208659e+00
7.247771409585324953e+00
7.297989509884393655e+00
7.445380545017410867e+00
7.486015563901887049e+00
7.632224643892459248e+00
6.932211370318722032e+00
7.411618175312696621e+00
7.014603518440707397e+00
7.519674809205222132e+00
7.640316483967517058e+00
7.774158901733292382e+00
7.714187258954282811e+00
7.819552428801784139e+00
6.163310247058494618e+00
6.030769008202215176e+00
6.201622751652013044e+00
6.089669137115897968e+00
5.983270738070194383e+00
6.263400545768555538e+00
6.042759925830391232e+00
6.245514721697055016e+00
6.234068191709104312e+00
6.144633584406199667e+00
6.253448843370859933e+00
6.181906442601726503e+00
6.114651499935402690e+00
6.256740182623400592e+00
6.173851662898839798e+00
6.279792009584029167e+00
7.036874078621122131e+00
7.528023519890987281e+00
6.992763076722668281e+00
7.418536231113075807e+00
7.659663860588686646e+00
7.726363964144875141e+00
7.463257496298038696e+00
7.499579171381158815e+00
6.911477602955928390e+00
7.245097524906142894e+00
6.846779533774304483e+00
7.119841946928939791e+00
7.184808638115865342e+00
7.232578307363862535e+00
6.971758337743239053e+00
7.141935379307965626e+00
7.561419753037810665e+00
7.671050373936560973e+00
7.755773511794117780e+00
7.883714561403321497e+00
7.780981947844769486e+00
7.889608535733059647e+00
8.018907162397818311e+00
8.154829069813199993e+00
7.896712147161496276e+00
8.036762640612794328e+00
7.924722682253917405e+00
8.062464194740902812e+00
8.189039593476380219e+00
8.339683109610273704e+00
8.210442091885779448e+00
8.347918413446029362e+00
7.992425463805740371e+00
8.084905659150825485e+00
8.282957983491389342e+00
8.396405642994976048e+00
8.163900828421921219e+00
8.227776944132774162e+00
8.491531226478437944e+00
8.567117030679536782e+00
8.475973378895229615e+00
8.590245374170709880e+00
8.461753623179324890e+00
8.548114566080204924e+00
8.681155301506388255e+00
8.749952446846412712e+00
8.612297392993284006e+00
8.659206089572281329e+00
7.794035384691306412e+00
7.915001956316455534e+00
7.504212950293206674e+00
7.604079577938386514e+00
8.030780621402495711e+00
8.127223461390659764e+00
7.657077859608902415e+00
7.703040274572833468e+00
7.127540905333093590e+00
7.220777661753984944e+00
6.880035739803725292e+00
7.009332884545512066e+00
7.175744763344177990e+00
7.188229143767891571e+00
6.849057201685153196e+00
6.870264174047218120e+00
8.197368636306659795e+00
8.243698102521996418e+00
7.734406226931115569e+00
7.748999064383935931e+00
8.278696767518594513e+00
8.309600016946856016e+00
7.763745150306874621e+00
7.791715276839252802e+00
7.216202916690305003e+00
7.209638123487639660e+00
6.919026948959590584e+00
6.910057516315228021e+00
7.202429925303989400e+00
7.230882544046539628e+00
6.864222798481808496e+00
6.915039025172815101e+00
6.579751396544327946e+00
6.577964494407755325e+00
6.682408961222488841e+00
6.680632012863974012e+00
6.572736929569688691e+00
6.564622197170994156e+00
6.675375584587763811e+00
6.667293329327177887e+00
6.799353905268013420e+00
6.798239097582679413e+00
6.938029210771649247e+00
6.938410385264879743e+00
6.793480400548491005e+00
6.785791088481859745e+00
6.934769045671747456e+00
6.927868244252642249e+00
6.554465430083936006e+00
6.542651977819493148e+00
6.657142901820037650e+00
6.645531847612532239e+00
6.530022581960666983e+00
6.516738519894726522e+00
6.633184194321358085e+00
6.620561081037698692e+00
6.775938478655593400e+00
6.764672125305744466e+00
6.918546565992042652e+00
6.907687321053562535e+00
6.752758284437906156e+00
6.740843417962402384e+00
6.896192767909274046e+00
6.884893498834461667e+00
7.106787629627329572e+00
7.109832969105180034e+00
7.316370532079624844e+00
7.323739784671054132e+00
7.108134744630866031e+00
7.102523367927149778e+00
7.325136567577649416e+00
7.321487441758800507e+00
7.579173103659228694e+00
7.593120363699990882e+00
7.903644075966237637e+00
7.926709728308510172e+00
7.599161172202481218e+00
7.598360106957578353e+00
7.939107179072280474e+00
7.942133276265957775e+00
7.093950398116416700e+00
7.083468455989952339e+00
7.313899347533040718e+00
7.303653885226911946e+00
7.072193238505533941e+00
7.061205114972732844e+00
7.292174589025261611e+00
7.280905011612039068e+00
7.592033533225012398e+00
7.581771638805161473e+00
7.937396191886770147e+00
7.926865251540860413e+00
7.569423074304530097e+00
7.556944461457807627e+00
7.912891110596199873e+00
7.898052741449246739e+00
6.503507443720222270e+00
6.490125187438501086e+00
6.608184591644538308e+00
6.596161128500873438e+00
6.476979154141405459e+00
6.463372289221721800e+00
6.584578775665036687e+00
6.572988703204925898e+00
6.729469277807905492e+00
6.718888233420708289e+00
6.874460699012605147e+00
6.865264452381215854e+00
6.709105874345634213e+00
6.699713489496976315e+00
6.857306418670418680e+00
6.850146912546885680e+00
6.449156796141465975e+00
6.433086008717118887e+00
6.560845857812474868e+00
6.546989323762031354e+00
6.414169398575404912e+00
6.390618112549264929e+00
6.529972857442613687e+00
6.507677633967440478e+00
6.689972198555411254e+00
6.678625228310007600e+00
6.842911869044456807e+00
6.834195478087247366e+00
6.663882777098861787e+00
6.643179009215882225e+00
6.821900770261557057e+00
6.802925898760370238e+00
7.051398014710176021e+00
7.043294523939401586e+00
7.271082197955997195e+00
7.263453513261920236e+00
7.036922155201316365e+00
7.031774929246615180e+00
7.258086836816257659e+00
7.254367754234994692e+00
7.546078004766758163e+00
7.537905710212573496e+00
7.884772761804674346e+00
7.874629596949262123e+00
7.532551156847492990e+00
7.529237599148476789e+00
7.867858910546662976e+00
7.863514848440053662e+00
7.026844426172781155e+00
7.020565174026651256e+00
7.251118844676439856e+00
7.246608587257210132e+00
7.010553345702491335e+00
6.993083808180865724e+00
7.238180916718780722e+00
7.221360494508132000e+00
7.526557704228030943e+00
7.522582397276329047e+00
7.859923025110200356e+00
7.854876635574442822e+00
7.514350939039586841e+00
7.496356962342512809e+00
7.844920388949033985e+00
7.822824237879133946e+00
8.276073756867328157e+00
8.309213327634264346e+00
8.623310078677935309e+00
8.661236721111579939e+00
8.328495696235215462e+00
8.335778242258541582e+00
8.683682938502043314e+00
8.694082139592337555e+00
8.798073083677243389e+00
8.827719395025971139e+00
8.688844216183582603e+00
8.701720160527452563e+00
8.845093972709092256e+00
8.857144270486958959e+00
8.708826191023726793e+00
8.723378570650137220e+00
8.333094327339304996e+00
8.322662747722887389e+00
8.694916459956722576e+00
8.687666372896979183e+00
8.307054865432601076e+00
8.289216380536597484e+00
8.673665585078399687e+00
8.654866687917783352e+00
8.865869857320573644e+00
8.869534952967589092e+00
8.744157466263047240e+00
8.764018863271868298e+00
8.865445120245645683e+00
8.851951478291830711e+00
8.775648987218156449e+00
8.772325661297772470e+00
8.328145343362857389e+00
8.327683119428371583e+00
7.811479934883058363e+00
7.807198394938618335e+00
8.324559582477920827e+00
8.343068109526226905e+00
7.795041817878966661e+00
7.822369593916577379e+00
7.248754716584811852e+00
7.264668106863569008e+00
6.875351503586785817e+00
6.977940606628662223e+00
7.233358189573751318e+00
7.287358029835455220e+00
6.877647607502781035e+00
6.988742182330430985e+00
8.373161867626262023e+00
8.402336246848792101e+00
7.854435327499004416e+00
7.877738984419044854e+00
8.424521113278455431e+00
8.430453885038579287e+00
7.895046254823702370e+00
7.912068815728849458e+00
7.306858089245750421e+00
7.317908892776356922e+00
6.962362135822415254e+00
7.008095102011346889e+00
7.288785903631270102e+00
7.349599847740615033e+00
6.854780211896061459e+00
7.051997282296121661e+00
8.272310225240728343e+00
8.258670818986832529e+00
8.634872823495328475e+00
8.617303336614792642e+00
8.248863136743445068e+00
8.241977364551535956e+00
8.603629787695604492e+00
8.593584458420494343e+00
8.832379035156613156e+00
8.812876859270906138e+00
8.755922970669260508e+00
8.737497858414915441e+00
8.796591401549980205e+00
8.784673726814524741e+00
8.721510970077771319e+00
8.710538374714129617e+00
8.236192271333447223e+00
8.228903781846209853e+00
8.585553771018608060e+00
8.576431264149805500e+00
8.215721284956597259e+00
8.186239972310941582e+00
8.560508997371146123e+00
8.522066934394850080e+00
8.775675525126732879e+00
8.765746750977085000e+00
8.701446145936451160e+00
8.688220566393473732e+00
8.748664687832889086e+00
8.701644741931181315e+00
8.667751758181017507e+00
8.608908472040774029e+00
8.416411742093599102e+00
8.402184728564643379e+00
7.895522380563174458e+00
7.892018841008310304e+00
8.390853433256289406e+00
8.384452344403385382e+00
7.888939677599623224e+00
7.889335541137135088e+00
7.296016708854396349e+00
7.337281086049566525e+00
6.859169555836769128e+00
7.033887114248065231e+00
7.318485665611000002e+00
7.340939084762624134e+00
6.904570619356448447e+00
7.004685624897300400e+00
8.376564592344843518e+00
8.353204797191429165e+00
7.887039974378994067e+00
7.845774414735312341e+00
8.325956323505298684e+00
8.247563767577586802e+00
7.821042532599425279e+00
7.723117345908469211e+00
7.339098861642168181e+00
7.296433982073324387e+00
6.944678732458108072e+00
6.985194679476273372e+00
7.283671589290367621e+00
7.227960240465626462e+00
6.920118885169864953e+00
7.015363906251869786e+00
7.674407817586073044e+00
7.379625488671480937e+00
7.009999742745788964e+00
7.073476499160245901e+00
6.473514606498691037e+00
6.425373645986909743e+00
6.074890082953117165e+00
6.117917308560287815e+00
6.583593700273690175e+00
6.576535417653491145e+00
6.210611277039505218e+00
6.184457457082860543e+00
6.745136750513342605e+00
6.774194499342269360e+00
6.349739086130131938e+00
6.287026079006243329e+00
5.988576654690604961e+00
5.680227033046076457e+00
5.871650545523040776e+00
6.280052844230535669e+00
5.527606984938251422e+00
5.869476041755377516e+00
5.633384607917918174e+00
5.930648952768263982e+00
6.136150420090202395e+00
6.331772300275681609e+00
6.213409791224822065e+00
6.459525404100288526e+00
7.067807194840123763e+00
6.695456177515344720e+00
6.132247665068614850e+00
6.741350007529860910e+00
6.283417226993579519e+00
6.738150584813005217e+00
6.461525505491023225e+00
6.671008709135955783e+00
6.682093085018021128e+00
6.899231233571073041e+00
6.898566288267960367e+00
7.021734812658428915e+00
7.078638556876047261e+00
7.205281241329435815e+00
7.033347723769797888e+00
7.154612241707919651e+00
7.170064151297217414e+00
7.237201436914407537e+00
7.311830368210773479e+00
7.381017655926046750e+00
7.308935634934462300e+00
7.355878992431785335e+00
7.437562738064685597e+00
7.479459000181644335e+00
6.879796209981144273e+00
7.302012409104260193e+00
7.254160179461242919e+00
7.312441227794328036e+00
7.406563790831648397e+00
7.431574057005648548e+00
7.509604192025702396e+00
7.523088129296691129e+00
7.454273155921600669e+00
7.476709609590865391e+00
7.527931213184990256e+00
7.519533299068757337e+00
7.364314032672973021e+00
7.557631997580998906e+00
7.520937735613655306e+00
7.513063008830759948e+00
5.967423662960538167e+00
5.938099567234592868e+00
5.888733907522698985e+00
5.872915360202369150e+00
5.990358631601456096e+00
5.966899691322492316e+00
5.881314882248410925e+00
5.871728083269219134e+00
5.868098361931990858e+00
5.846111668549851537e+00
5.878137318126404942e+00
5.843910259137125252e+00
5.829738708050347995e+00
5.810195107121291613e+00
5.807258199124505360e+00
5.767246469669744968e+00
6.031407281284516309e+00
6.008989688971298371e+00
5.885095907455774267e+00
5.861768877873385186e+00
5.993282995392173795e+00
5.941547020651877453e+00
5.819892754842128646e+00
5.733273770012765169e+00
5.791185356954151153e+00
5.749811529356878559e+00
5.721189364637945474e+00
5.653426269037177043e+00
5.679704778665835008e+00
5.572852918000176459e+00
5.557320852701713498e+00
5.447077366241315666e+00
5.918745301921904733e+00
5.870284707031678373e+00
5.993964088505345345e+00
5.929611189814878003e+00
5.811208445693745617e+00
5.744751160941484081e+00
5.842832715901618457e+00
5.740619224198421300e+00
6.086529477478880956e+00
6.006620611081900485e+00
6.149925253586231655e+00
6.120223562087666380e+00
6.252438260652207092e+00
6.215808766791234063e+00
6.070995379595271579e+00
6.028689621177698577e+00
6.168022226674907849e+00
6.112155432668130217e+00
5.893273976984044538e+00
5.748490179051118254e+00
5.957762148894773624e+00
5.901818471656100407e+00
6.041477489486406505e+00
5.964433512941980098e+00
5.813438582665386711e+00
5.755435443321284872e+00
5.875642218599431033e+00
5.789021529065723648e+00
5.672365480733509102e+00
5.574832417323855260e+00
5.639066522077778920e+00
5.509212036963458736e+00
5.459240958902001672e+00
5.369724518702159166e+00
5.390325223527249854e+00
5.350034092809932140e+00
5.665493774870017596e+00
5.601778669804295063e+00
5.690053837322668784e+00
5.603018004920022221e+00
5.522228359080342486e+00
5.468753864173418577e+00
5.518045504606600815e+00
5.446339604540120227e+00
5.688220292600377093e+00
5.602059227738847902e+00
5.698488218030179908e+00
5.598668652406460389e+00
5.512279585092564105e+00
5.436049648829212266e+00
5.502850975150337831e+00
5.425989284200719354e+00
5.403165880554878342e+00
5.379174587229210047e+00
5.390338647737019429e+00
5.365031422493277802e+00
5.368729288471435268e+00
5.400096625691354291e+00
5.372643420011192994e+00
5.423739049886971308e+00
5.383833472003288101e+00
5.366302931206297977e+00
5.380140859001602216e+00
5.375433154739227781e+00
5.390042064444548586e+00
5.459520131884075589e+00
5.417687489646497490e+00
5.507079362549704982e+00
5.787924202735223567e+00
5.703071579876393571e+00
5.595667853447629625e+00
5.479465399824480443e+00
5.464849097735900330e+00
5.586942109069809703e+00
5.427863706356745865e+00
5.633561817617482426e+00
5.455058718458671407e+00
5.401983783612835488e+00
5.381161408322551409e+00
5.434346600890743950e+00
5.505813440148083160e+00
5.796747999341976154e+00
5.659133190202793706e+00
6.011155415113464962e+00
5.776073714173697304e+00
6.084806921387540868e+00
5.941785589506407561e+00
6.284229388012775530e+00
6.390484398150523937e+00
6.661323312197612090e+00
6.600348742059892082e+00
6.867997342120943927e+00
6.156212985921492020e+00
6.507144084469915768e+00
6.383730592386985592e+00
6.719907751243356486e+00
6.811354486662898999e+00
7.056288610445972331e+00
6.997352049480777936e+00
7.210704289562013258e+00
5.390565656048926790e+00
5.553039002178595140e+00
5.464695439566249924e+00
5.551726308503776686e+00
5.690071040060566077e+00
5.619916690427076311e+00
5.796067797581121894e+00
5.859098525643628541e+00
6.227180948790882020e+00
5.885252048025018112e+00
6.034291805303135803e+00
5.976596120062841244e+00
6.152295904117030645e+00
6.240551726357837836e+00
6.385891817337622456e+00
6.331835256283779856e+00
6.499528211116500032e+00
5.474624741448033127e+00
5.569999475643252929e+00
5.515464883176011135e+00
5.646370625612635585e+00
5.726137119254136820e+00
5.897088231642271694e+00
5.808203411792407955e+00
5.980674476944030538e+00
5.570850445042125010e+00
5.717017795293012128e+00
5.636667102857920497e+00
5.795268178515018853e+00
5.884763126688889123e+00
6.061036618165109857e+00
5.969613236608396711e+00
6.149147858011767553e+00
6.072737225208240552e+00
6.249430504679853726e+00
6.156992317953025484e+00
6.333631751896390050e+00
6.424236479472275718e+00
6.591410772107575866e+00
6.506035171863402411e+00
6.669584068851810876e+00
6.239372481810685045e+00
6.415222476967771037e+00
6.327400662894024030e+00
6.499986151495458664e+00
6.584293818045432900e+00
6.742526017094146340e+00
6.663257265568943488e+00
6.813610191770542279e+00
6.581319955286161871e+00
6.886889117566917129e+00
6.582146744885882583e+00
6.709564850553040749e+00
6.664801213690282999e+00
6.809487876197838574e+00
6.879525054830249786e+00
6.980563466786139593e+00
6.947262166356801494e+00
7.060318881786308509e+00
7.129629747201444268e+00
7.308584991240143047e+00
7.115886462112793076e+00
7.189787019265357237e+00
7.165198855976779413e+00
7.246614309169411072e+00
7.289781821088673119e+00
7.340932310611972156e+00
7.320945450096671081e+00
7.376472647687258188e+00
6.748364226662608267e+00
6.889795419816888256e+00
6.820462740680972580e+00
6.955267835795887699e+00
7.016055429172529223e+00
7.123564887543381907e+00
7.072566034316738914e+00
7.171589676953930237e+00
6.886193329358444970e+00
7.012401906105167448e+00
6.947581815983944864e+00
7.062733426678351911e+00
7.119883514091355003e+00
7.208993571064382877e+00
7.158544270950308430e+00
7.236406889313157009e+00
7.215642477961947243e+00
7.290723677085251708e+00
7.253865769678245812e+00
7.320778572081451330e+00
7.353432967477101734e+00
7.403298738130322576e+00
7.375077229476789675e+00
7.418551425486889173e+00
7.281574700899173358e+00
7.339993903909496353e+00
7.298911686497249640e+00
7.348931279097619118e+00
7.386867272870030199e+00
7.424425877522311090e+00
7.389104322864542773e+00
7.421580231435781272e+00
6.360273294853825199e+00
6.321148585958032307e+00
6.477439576365780383e+00
6.436273086363000218e+00
6.270207008679610894e+00
6.206504267769262562e+00
6.380895035807871096e+00
6.309025310579550627e+00
6.613131743508398941e+00
6.569728371320667115e+00
6.772966536851730446e+00
6.726715440059892082e+00
6.508795979515315189e+00
6.427117252142087622e+00
6.658674230419502571e+00
6.564702478374026207e+00
6.127779051860834159e+00
6.036450684138690903e+00
6.219153926097593654e+00
6.112546085223645953e+00
5.933605071098397410e+00
5.825084293222679399e+00
5.992050837036443589e+00
5.863363604374927540e+00
6.323244782702534650e+00
6.198694461248638099e+00
6.443546979675319974e+00
6.298073854402540306e+00
6.058139898210378682e+00
5.910025734439298795e+00
6.136049263902995321e+00
5.970840118550531095e+00
6.962664554128065397e+00
6.912279220798981605e+00
7.189072976253911840e+00
7.132045176689828736e+00
6.834670911071098587e+00
6.724852897529454587e+00
7.040837755265518361e+00
6.910082611279332099e+00
7.459277839109426544e+00
7.390927603766036746e+00
7.775787122900176485e+00
7.688075198366213669e+00
7.279428434947799786e+00
7.120346010370956158e+00
7.545641832614689015e+00
7.347841349794688171e+00
6.582530008346362038e+00
6.413444353783912533e+00
6.742070985209571710e+00
6.547558918930998395e+00
6.230308918046891797e+00
6.053405879004129631e+00
6.346049880217569772e+00
6.165822942052009203e+00
6.921437279198539017e+00
6.700944714040468320e+00
7.112312114574860900e+00
6.866651907645654696e+00
6.485759072254551505e+00
6.311088131644764232e+00
6.642763959439846211e+00
6.479071709266681189e+00
5.712284331358072897e+00
5.599502300233067054e+00
5.732915435225518053e+00
5.610893130893614966e+00
5.499367206244387241e+00
5.425897551125595797e+00
5.511344929228396694e+00
5.448015119548038854e+00
5.766149482311166530e+00
5.641615891205704614e+00
5.820621570668831346e+00
5.704848669836157349e+00
5.551905178909873229e+00
5.508286590792286219e+00
5.637780889986903965e+00
5.623568613550794737e+00
5.391273007124060435e+00
5.404064255931583460e+00
5.431063330674736456e+00
5.465302779146719026e+00
5.467145267099286166e+00
5.576649395837186773e+00
5.549594590138731576e+00
5.677008949172933860e+00
5.515366105284964071e+00
5.572050839187814297e+00
5.657375561398789721e+00
5.731653155837260094e+00
5.673830615210491146e+00
5.813485993379091887e+00
5.841531690428273471e+00
5.984088770095286058e+00
5.907883869046932190e+00
5.815126232624350244e+00
6.037871289200341884e+00
5.980259555733542065e+00
5.782630660993826943e+00
5.802150295409378877e+00
5.986637890867716472e+00
6.034027460586955272e+00
6.210945576357944198e+00
6.193584884301014171e+00
6.411283569250455727e+00
6.433711529443470134e+00
6.232524503653011472e+00
6.292739225178789475e+00
6.493349566241609416e+00
6.548976790200078391e+00
5.857847524868343925e+00
5.938046445069084633e+00
6.098665220259813502e+00
6.169053734912425035e+00
6.041927185415286949e+00
6.175884828470525001e+00
6.251637639262148660e+00
6.365789501077837365e+00
6.349040921236725588e+00
6.393884097130246857e+00
6.580411109893275601e+00
6.585717751370394168e+00
6.441863531840491319e+00
6.527294859104983082e+00
6.588461881802260223e+00
6.640664661458790974e+00
8.122015703430243150e+00
8.003705828803800770e+00
8.434175095621313289e+00
8.276797532094892773e+00
7.816430978629287374e+00
7.568294180258824611e+00
8.036603026198255506e+00
7.735611567803163169e+00
8.587167384315131713e+00
8.398437101618959844e+00
8.459960004550918455e+00
8.270863994334465730e+00
8.123031917852378214e+00
7.794016926048248806e+00
8.011074661111699413e+00
7.705118528692906921e+00
7.292140388907682791e+00
7.024529211393700123e+00
7.424472980025629276e+00
7.144398464114423142e+00
6.796157318020873639e+00
6.642913383798125793e+00
6.917438650235687270e+00
6.769602544716700976e+00
7.474964769939690612e+00
7.203028036182335114e+00
7.428878208478510992e+00
7.198792480567147933e+00
6.989310583712654790e+00
6.842437898828263698e+00
7.016995626111079076e+00
6.872360023386404393e+00
8.039658884176526854e+00
7.897933013087943266e+00
7.466140600314000508e+00
7.383749451999342739e+00
7.718612274228184411e+00
7.482560864853282645e+00
7.346131292760208709e+00
7.268499214517494700e+00
7.098051927994384336e+00
6.977770684600458573e+00
7.020530086840539141e+00
6.991201048836932941e+00
7.229934017530149859e+00
7.290690759550181532e+00
7.146534517052507418e+00
7.130429491981647772e+00
7.084723206295292286e+00
7.023881792625649823e+00
6.884661439903823954e+00
7.075235271556739036e+00
6.606998672174326792e+00
6.669485933872910444e+00
6.762225993963696169e+00
6.866730420471895968e+00
6.739470070792299872e+00
6.778644678957719272e+00
6.932217656253660820e+00
6.949566174937383600e+00
6.860904756284638140e+00
7.007894104785706624e+00
6.916221421640321054e+00
7.099119785233090063e+00
7.032343901433078415e+00
7.008972490390742216e+00
7.053167493885348804e+00
6.976659192111154262e+00
6.774468995804807214e+00
6.727673371949610015e+00
6.912558641370835311e+00
6.806289824613584116e+00
6.675857827148765189e+00
6.699912989895726589e+00
6.692484522019369386e+00
6.711943107638643546e+00
6.950088320973592637e+00
6.812529303796988067e+00
6.930045461056298706e+00
6.846974136622238305e+00
6.657505112506687084e+00
6.696878568734965675e+00
6.729273763281919507e+00
6.942681568350775656e+00
7.112364235909332422e+00
5.722539436207060959e+00
5.891615776182860031e+00
5.835906622659068788e+00
6.012512163281813038e+00
6.070981103440884041e+00
6.251020791402747356e+00
6.194110080415458519e+00
6.371294134416839228e+00
5.980362574084729488e+00
6.161054841532741300e+00
6.152839696638950251e+00
6.334915023731796602e+00
6.342273149298787160e+00
6.513637491879757491e+00
6.514638715684621495e+00
6.678665016825311440e+00
6.425705886277894407e+00
6.591302189437165282e+00
6.538301972726461742e+00
6.692030757851207490e+00
6.744908201185110919e+00
6.883479747855652420e+00
6.830512498047581538e+00
6.951682271040006356e+00
6.668787780003083476e+00
6.804882307106369765e+00
6.818709251166902519e+00
6.931544034546220701e+00
6.921130436605237968e+00
7.017279575310438666e+00
7.017576448389394095e+00
7.079338655099994604e+00
6.340888750408210761e+00
6.523736353892349626e+00
6.523377084551964522e+00
6.709025036904495032e+00
6.703196787927480749e+00
6.860402165254990692e+00
6.891264797967309619e+00
7.043324904828673461e+00
6.676294606738160553e+00
6.868303776268245286e+00
6.782020221215685041e+00
6.981137485348892113e+00
7.055469537346493958e+00
7.202777387961459610e+00
7.168599792445926155e+00
7.308126251295455234e+00
6.984082066399873945e+00
7.070182472296863807e+00
7.151363580546009402e+00
7.211380907058648759e+00
7.119610008972028226e+00
7.137546454649431382e+00
7.223532953492957986e+00
7.192351517828725171e+00
7.296469413455833219e+00
7.335055162394938932e+00
7.389582000298082320e+00
7.413682710528858522e+00
7.317909276519529271e+00
7.242647045224093638e+00
7.381737873665812799e+00
7.280000886079930567e+00
7.004021925542009974e+00
7.104880828659593028e+00
7.053591432836442188e+00
7.136058504283466775e+00
7.186734709481402916e+00
7.252178851506931423e+00
7.201511970005094021e+00
7.253804134701692163e+00
7.093624586730495452e+00
7.152708664622134727e+00
7.121337739343382545e+00
7.151097372929183571e+00
7.199415969724869413e+00
7.238596077217553493e+00
7.177012149276976061e+00
7.204188056703287657e+00
7.304510742755940811e+00
7.346759612074108325e+00
7.296552317320805336e+00
7.332387444072158367e+00
7.381317831294201603e+00
7.409942862972301647e+00
7.363002439885164563e+00
7.389454898376180303e+00
7.273331222707966504e+00
7.304995835651226344e+00
7.233672366741505044e+00
7.264372507204508445e+00
7.334001670585292842e+00
7.360398379823043236e+00
7.294747294938252580e+00
7.323567677954118338e+00
7.134909672320435270e+00
7.128220428324116398e+00
7.134959948989838097e+00
7.083004413240337804e+00
7.131564146449601793e+00
7.149064160435062654e+00
7.061781643600356873e+00
7.073144813382214124e+00
7.125396228995474424e+00
7.017339807247975791e+00
7.111508299324326821e+00
6.936073290488381282e+00
6.968342654403989478e+00
6.978403127705406384e+00
6.853581102840044181e+00
6.869332844765286161e+00
7.177340783262214252e+00
7.211213064024780017e+00
7.105506643669492917e+00
7.147461504613033867e+00
7.246464722101589651e+00
7.280398234556396453e+00
7.191399552354127422e+00
7.233096475498673072e+00
7.021314323459599827e+00
7.076736652033602581e+00
6.930490228034745570e+00
7.004765586661075183e+00
7.133093017589778206e+00
7.184777122780735326e+00
7.076611817091721157e+00
7.139494991818593483e+00
6.836738227568512016e+00
7.031470202914397838e+00
6.851874183352358649e+00
7.012955803680209321e+00
7.199499962081055138e+00
7.326837706169689213e+00
7.124039629758778247e+00
7.244251380410663188e+00
6.850207196279698429e+00
6.963990136114296625e+00
6.989713661887241969e+00
7.124043489069717516e+00
7.405522807787050965e+00
7.425308891096401354e+00
7.343641212663548856e+00
7.372503436908329100e+00
7.394625808026385805e+00
7.288024795272897371e+00
7.358384495391494973e+00
7.260449661284991585e+00
7.265974860332494956e+00
7.297870636624504748e+00
7.314954233550555074e+00
7.219855676226985430e+00
7.094970666442290685e+00
6.846143118310433984e+00
7.075886288658661094e+00
6.761059557832026279e+00
6.720989767104663670e+00
6.752614105531955069e+00
6.581981465833356637e+00
6.639851662592973547e+00
7.063441274750034360e+00
6.707230775848979754e+00
6.477858499028225303e+00
6.555511605033086830e+00
6.841330072254571348e+00
6.939269386525644734e+00
6.764625483025708874e+00
6.889291702613361323e+00
7.028146784164514216e+00
7.101606336288009302e+00
6.993903136262931142e+00
7.074380916248625084e+00
6.718479544703480855e+00
6.864474414805944669e+00
6.979014888337101929e+00
7.059947738996777744e+00
6.894664193941367536e+00
7.087741223727268114e+00
7.082939202599265016e+00
7.247269210726918764e+00
7.236062020370927605e+00
7.344312235375946685e+00
7.367465319402020540e+00
7.453435497433504864e+00
7.242372519464511882e+00
7.376809607056812546e+00
7.364829433738916187e+00
7.470407435109723160e+00
7.470239586222676920e+00
7.534118718338964626e+00
7.539735348935445280e+00
7.584407895642299557e+00
7.426443041802610168e+00
7.483690512395598127e+00
7.515308877402511634e+00
7.557778239207147308e+00
7.525110791200256166e+00
7.552837202633064351e+00
7.585195211278036531e+00
7.600680932164056713e+00
7.578595383014814502e+00
7.608321496152913532e+00
7.615586564968212180e+00
7.638300102480434006e+00
7.624977852611225515e+00
7.631789163072020266e+00
7.647862626754200477e+00
7.648990864018280433e+00
7.432529664700779470e+00
7.514392903835600102e+00
7.410667511647903716e+00
7.444985369961067967e+00
7.426766970486710306e+00
7.463556883751639504e+00
7.491702515738056789e+00
7.514417048185357828e+00
7.496730958917603438e+00
7.520824308694573190e+00
7.566574813188461590e+00
7.598957302609483655e+00
7.544908417235661524e+00
7.559951871727219164e+00
7.542444659270228335e+00
7.558237056588211544e+00
7.579614178922528644e+00
7.589901926933912080e+00
7.572520741337138261e+00
7.583708113989542809e+00
7.444511670031879191e+00
7.476938699026280055e+00
7.453624600148788915e+00
7.481659531210259395e+00
7.503687979001759878e+00
7.524698954032151832e+00
7.504356244187845526e+00
7.522586877390851079e+00
7.454662738527006560e+00
7.479074300810639286e+00
7.448051404949159959e+00
7.469792701417884651e+00
7.498927319849095774e+00
7.515125690040477480e+00
7.487782938500537000e+00
7.502752649021733333e+00
7.542046468922874780e+00
7.555740434057192090e+00
7.537434620543703723e+00
7.549468521458264192e+00
7.567296729560192503e+00
7.577145787914645325e+00
7.559576422316341748e+00
7.568596188437161310e+00
7.528428819317684706e+00
7.539404888273135263e+00
7.515268380478270061e+00
7.525796888770425852e+00
7.548700989289422125e+00
7.557084344465832437e+00
7.534888872000690796e+00
7.543352607497260998e+00
7.620638054883637658e+00
7.651221633419845958e+00
7.602408695891383239e+00
7.610876373050666110e+00
7.594280453577813006e+00
7.605974273768183025e+00
7.638892327109235936e+00
7.657189315846177458e+00
7.654391733335194736e+00
7.655015302921767351e+00
7.649102175898339517e+00
7.586032709970432997e+00
7.594760399051137867e+00
7.577217483111622798e+00
7.587506919829324126e+00
7.617093642733854253e+00
7.564764528649326358e+00
7.571616356172564011e+00
7.551740976084408530e+00
7.561482530524304302e+00
7.588572147853406946e+00
7.634883920399748725e+00
7.632028888093262964e+00
7.606080767745200255e+00
7.606803276323082841e+00
7.569022612983672182e+00
7.574876021966487016e+00
7.607027951886386141e+00
7.606432823049446235e+00
7.576202386067518724e+00
7.576182463401795353e+00
7.601381992059543791e+00
7.589279160472036878e+00
7.632075134799850780e+00
7.628280737401732736e+00
7.645492367652966692e+00
7.639508885939071625e+00
7.623087578833155575e+00
7.618519075599643031e+00
7.632301411075834707e+00
7.622190026840204524e+00
7.600357698507566262e+00
7.476839813619739594e+00
7.639678967056596548e+00
7.475765265288007555e+00
7.649069209752259013e+00
7.642897049818743405e+00
7.643098879461871498e+00
7.637892345972725039e+00
7.637029145753187365e+00
7.632152157636891587e+00
7.633213609303255431e+00
7.628023275532005876e+00
7.628406892362388447e+00
7.625541806997230054e+00
7.606759659977686105e+00
7.607343877581612013e+00
7.623319354471119524e+00
7.621125535270549811e+00
7.608622160875953888e+00
7.610413197263355300e+00
7.651606947340681586e+00
7.493958743671921496e+00
7.639421211736467043e+00
7.519237357857474713e+00
7.433902374994132423e+00
7.454114057046804298e+00
7.412434808480085735e+00
7.432432684162223246e+00
7.471260406134835108e+00
7.485857515172595456e+00
7.449831079976031667e+00
7.464945895363273465e+00
7.384181278343603161e+00
7.405401438531673541e+00
7.350091215664913413e+00
7.373992034749412561e+00
7.424180277537892891e+00
7.440686358560133051e+00
7.395228402755330777e+00
7.413918366527618709e+00
7.498305572239024386e+00
7.508951168000828069e+00
7.478045206488952878e+00
7.489393016368401490e+00
7.518231330068982032e+00
7.526807685388987146e+00
7.499393164701305459e+00
7.508788100423449130e+00
7.455105626871903368e+00
7.467649009194010645e+00
7.430247467596659661e+00
7.444442149610043913e+00
7.478663958717586269e+00
7.488771970867611927e+00
7.456882737487316781e+00
7.468313503992975555e+00
7.311597357237776151e+00
7.339515412218259982e+00
7.270671357262594725e+00
7.303625349325235661e+00
7.364115003169483309e+00
7.385604903283212508e+00
7.332169858285306319e+00
7.356788829630457549e+00
7.229862987685383935e+00
7.268297330196985762e+00
7.192224747338240576e+00
7.235710917508107798e+00
7.300863021853843726e+00
7.328522063177713264e+00
7.271706182010715835e+00
7.301800687083607855e+00
7.404273049038216037e+00
7.420417580840813265e+00
7.378003453892776342e+00
7.396274355805574352e+00
7.434434197188191540e+00
7.446968625926719376e+00
7.412105658093646632e+00
7.426263651851451542e+00
7.352163772399409325e+00
7.372484289006687064e+00
7.327369189014630635e+00
7.349396035658635640e+00
7.390113858835702487e+00
7.405750825364231460e+00
7.368802175428839085e+00
7.386512111056778629e+00
7.534737386209965138e+00
7.540856479958310210e+00
7.518098154118242782e+00
7.528173634728146268e+00
7.553233288170362769e+00
7.497965508702873372e+00
7.504269930045988524e+00
7.479241504675136376e+00
7.489982152294533790e+00
7.512980903672283439e+00
7.570818116365130024e+00
7.575479446641902648e+00
7.531152399354787086e+00
7.540083908067068741e+00
7.457964037953911607e+00
7.464769673748283374e+00
7.439116634581572463e+00
7.450155282452739058e+00
7.470202719280295334e+00
7.419035995655513638e+00
7.425867016370457208e+00
7.402159406806386066e+00
7.412400157264930733e+00
7.426877219948719855e+00
7.489198739372295854e+00
7.502415477541757305e+00
7.446822627218856461e+00
7.464145093308686363e+00
7.160646773596038628e+00
7.207657091377258851e+00
7.136811399173513593e+00
7.184777570995776408e+00
7.245810452899899445e+00
7.277255095560522413e+00
7.223494595833225063e+00
7.254962633908825786e+00
7.122649983131694285e+00
7.168906257018339723e+00
7.207206687694962532e+00
7.237573508218114959e+00
7.303909845971822357e+00
7.326921709891132117e+00
7.281812111076994221e+00
7.304766243005698989e+00
7.347625102093845229e+00
7.367187655199139762e+00
7.325638784933286907e+00
7.345954680664067205e+00
7.264187419857666583e+00
7.286167244699181644e+00
7.305980663976944456e+00
7.322980960235338621e+00
7.384638776971035767e+00
7.391831339756422814e+00
7.367145546297288128e+00
7.382381444704108731e+00
7.387881056610649644e+00
7.337880762112718003e+00
7.343836738872101755e+00
7.333928079435616532e+00
7.403825120951402106e+00
7.425851480468182331e+00
7.361884215835995171e+00
7.392601113963498172e+00
7.579530882865920027e+00
7.583699278500295016e+00
7.548647244490743091e+00
7.557055090340527137e+00
7.587810889556241278e+00
7.590479041907143731e+00
7.565629458451006428e+00
7.575015103996149968e+00
7.515387101538863135e+00
7.527365118619843365e+00
7.481634513700036848e+00
7.497271340135103657e+00
7.538408129541722680e+00
7.546872848091986441e+00
7.512524374879147260e+00
7.528483744117956178e+00
7.608243403728131682e+00
7.544725238580708648e+00
7.564959611045084742e+00
7.566452118271447702e+00
7.448130781046751636e+00
7.465839534990168502e+00
7.419833395613791183e+00
7.437781124848746650e+00
7.482812601096109795e+00
7.494816892409264852e+00
7.459417493241669028e+00
7.479479811595213690e+00
7.516049127279569753e+00
7.582537408300416892e+00
