8.678830387030100013e+00
8.418539222754869655e+00
8.594024885574063077e+00
7.407532501990560903e+00
8.653097543577285222e+00
7.620480074892169498e+00
8.558324742939870333e+00
7.441733373822523312e+00
7.264498470129888474e+00
7.211485143615679938e+00
7.224734764520583497e+00
7.166716448476476486e+00
7.126111692588928292e+00
7.003916514717060338e+00
7.109076136195897178e+00
7.063051771351242181e+00
7.100391170115035955e+00
7.030040014457240360e+00
6.953308244900085811e+00
6.894090521480240596e+00
6.939045652662189312e+00
6.828800875028525397e+00
8.298628487683510357e+00
7.986249177429329826e+00
6.778143530927858151e+00
6.550880488191883622e+00
6.786506794795692521e+00
6.702586772677648241e+00
6.703783525709543056e+00
6.540099564277376487e+00
6.577677590586683998e+00
6.429765775703478070e+00
6.353344031236168199e+00
6.202636949166567604e+00
6.620444744347915744e+00
6.457031728944314430e+00
6.352293108720171944e+00
6.261767746613974062e+00
6.111041921525956155e+00
6.083446766113591586e+00
6.296867032599474001e+00
6.154615494544961152e+00
6.076253102282517915e+00
6.044813056752075475e+00
8.465327588941542913e+00
7.387093156808207439e+00
8.378326135740566727e+00
7.346732442068424795e+00
7.259927507339700270e+00
7.224557983678397299e+00
7.254684896345320766e+00
7.207138178736455458e+00
7.189440652411404287e+00
7.168206589734032796e+00
7.176412738565152161e+00
7.149517809347085695e+00
7.233446208938794086e+00
7.189447867352628307e+00
7.223154793370679450e+00
7.176650595386575127e+00
7.161194275700529133e+00
7.134007088947295294e+00
7.148498836550099433e+00
7.121337175843092560e+00
8.300212263673621749e+00
7.318318817198191439e+00
8.232929002023819720e+00
7.300613201181990419e+00
7.208986150872781273e+00
7.165012632574303986e+00
7.201416543744373122e+00
7.156279508197848749e+00
7.137561330535123538e+00
7.110446249018289144e+00
7.128459545079470772e+00
7.101003538499575107e+00
7.193902752090343355e+00
7.148917523643593341e+00
7.188332908309842395e+00
7.143119281265593479e+00
7.120694645647019705e+00
7.092515742490766328e+00
7.114013036920831645e+00
7.084544195314186332e+00
7.129248903905951451e+00
7.104958023318312499e+00
7.117584692584222772e+00
7.084930905350260488e+00
7.057389915156456972e+00
7.028131995291391654e+00
7.044353309075375158e+00
7.001602725828989016e+00
7.103377006215391809e+00
7.068863984089271746e+00
7.090720126582067628e+00
7.055202602134713175e+00
7.028373201863558073e+00
6.981379067018022688e+00
7.013171862658844624e+00
6.963146104042930773e+00
6.965251695345244798e+00
6.927655764162753194e+00
6.947186866385782977e+00
6.888177801017073776e+00
6.844978132660465953e+00
6.792250276998716529e+00
6.812330485607510866e+00
6.726220042330317561e+00
6.924899961677406957e+00
6.856897078551936531e+00
6.902429135313357556e+00
6.826830247267298368e+00
6.772558485973619646e+00
6.667714782737296453e+00
6.730197009959198340e+00
6.604989999459527361e+00
7.079466711791323696e+00
7.042671358827176320e+00
7.069195420101123339e+00
7.030086116375398930e+00
6.998237075185008038e+00
6.944951586316070014e+00
6.982593984039604074e+00
6.925479321712984415e+00
7.059009140643534685e+00
7.016843283494742067e+00
7.049251690264828341e+00
7.011450296926674319e+00
6.976707717271951381e+00
6.915587589789089940e+00
7.004724099268528903e+00
6.977243851180358725e+00
6.998215783013563396e+00
6.959709625670977395e+00
6.938444015406062704e+00
6.912106703771860872e+00
6.924214780863040986e+00
6.891489273485770006e+00
6.879683859609816210e+00
6.796483461121989755e+00
6.855800362181518004e+00
6.765264427181375773e+00
6.686283061662502192e+00
6.537141242210595671e+00
6.641106195790963618e+00
6.465306299320335626e+00
6.842641441022856874e+00
6.746467111032336206e+00
6.868123450951554965e+00
6.835564433032968346e+00
6.853176979651172118e+00
6.812363912947255962e+00
6.777018169922741642e+00
6.733060232075795959e+00
6.761407716180653615e+00
6.705337560238742611e+00
6.610895021146157902e+00
6.412027317850756525e+00
6.649769393496030467e+00
6.586637051460414227e+00
6.632507790795220792e+00
6.550062007534135589e+00
6.462972249330541707e+00
6.371368416353149655e+00
6.440618656483612092e+00
6.317852998133552056e+00
8.177790158978080370e+00
7.291697846545512007e+00
8.135679451349966840e+00
7.289219599236581359e+00
7.186065636089023378e+00
7.138918123299380802e+00
7.181925851003127192e+00
7.135263692250928713e+00
7.108256326052423191e+00
7.076921616045079411e+00
7.103388806308336356e+00
7.070280737902121970e+00
7.183194092425467581e+00
7.133472335175316204e+00
7.180274823420430330e+00
7.131549027451042910e+00
7.099669124193130898e+00
7.064784571056715201e+00
7.096735413579260410e+00
7.060370971791304129e+00
8.107144864936588036e+00
7.290103605177544743e+00
8.093659187793415200e+00
7.289508769868874083e+00
7.183098815705690754e+00
7.131353860438912839e+00
7.181475847902315301e+00
7.130744132928620971e+00
7.094837589528863120e+00
7.057059200660309450e+00
7.093567656428954038e+00
7.054788496181713775e+00
7.182118288544574014e+00
7.130239632751893986e+00
7.173573444855049885e+00
7.121995575087323616e+00
7.092240853989542515e+00
7.052805117834504145e+00
7.084124795090740001e+00
7.044760212884658479e+00
7.038622868902891128e+00
6.995698256202730114e+00
7.029685236604217735e+00
6.983581874382089438e+00
6.986524815798709653e+00
6.947549907314388484e+00
6.980271029431413865e+00
6.939595758311192242e+00
6.912713870566531860e+00
6.878793471800480397e+00
6.904357575890506027e+00
6.869860892207991121e+00
6.972267678577544814e+00
6.932195889725619509e+00
6.966764763964586216e+00
6.925630575343823203e+00
6.896823153897275738e+00
6.861935820053841617e+00
6.889798822843725468e+00
6.854515893919319147e+00
7.022272675643481676e+00
6.973609598307076496e+00
7.016213122522422019e+00
6.965274441201668054e+00
6.960176506417910858e+00
6.919205558568219061e+00
6.954964937188023555e+00
6.913281710937730473e+00
6.883120210330847755e+00
6.847508107243185371e+00
6.876839263694339621e+00
6.840905468888573537e+00
6.949549865829950157e+00
6.907703066395542990e+00
6.944709765010483871e+00
6.902449619639730471e+00
6.870941435566659372e+00
6.834708335209270125e+00
6.865426423804717793e+00
6.828926764918460179e+00
6.841095844653776403e+00
6.798539092977806675e+00
6.831895071352714233e+00
6.788639617797698200e+00
6.748365412452489664e+00
6.689483777906851003e+00
6.738108783390188705e+00
6.678074651667015971e+00
6.823595101376387362e+00
6.779883598235494802e+00
6.815828622969310580e+00
6.771800031022520372e+00
6.728918885125236393e+00
6.668209437215578461e+00
6.720553033869305359e+00
6.659514958007685337e+00
6.617300018510122506e+00
6.529590564246896989e+00
6.604952788442290945e+00
6.514669065388760671e+00
6.419692263923786335e+00
6.287380076842571164e+00
6.402007458155432928e+00
6.264431721880591830e+00
6.594190613028105830e+00
6.502237452141379492e+00
6.585027464055250412e+00
6.492188468864723561e+00
6.387047375441554209e+00
6.245651386344365896e+00
6.375404828378075095e+00
6.231524427432828972e+00
6.808533959043391093e+00
6.764299066854928988e+00
6.801689762753900581e+00
6.757338774216361976e+00
6.712946811145936721e+00
6.651895643848543926e+00
6.706042710753473024e+00
6.645266274058134748e+00
6.795289766158941092e+00
6.750895312780599511e+00
6.789338881988520313e+00
6.744956529669315692e+00
6.699791134022586192e+00
6.639539756084273492e+00
6.694149203832567174e+00
6.634624243188699921e+00
6.577438532290279305e+00
6.484520885306804594e+00
6.571330497000277049e+00
6.479144640507821684e+00
6.367296167537812579e+00
6.222419843884789081e+00
6.362708941984292821e+00
6.218448297731508312e+00
6.566573633369601204e+00
6.475890559559264403e+00
6.563006392277698886e+00
6.474509950449623297e+00
6.361470558511959084e+00
6.219491203750868280e+00
6.363250459026897232e+00
6.225186519409311003e+00
7.011475145907811068e+00
6.958529150141625763e+00
7.008085331231101556e+00
6.953505574109680509e+00
6.940406855074662928e+00
6.897753298072995420e+00
6.936153278830382796e+00
6.893308726291828670e+00
6.860373877498490813e+00
6.823599311382630539e+00
6.855746423756087005e+00
6.818751996143575411e+00
6.932969404489920606e+00
6.889607105046638758e+00
6.929656838835272836e+00
6.886217758490225549e+00
6.851695192538850954e+00
6.814461145959896271e+00
6.848178723778390875e+00
6.810774902074501647e+00
7.005518858784089531e+00
6.950477185186730189e+00
6.998361815989258439e+00
6.947316237867632083e+00
6.927872426007463780e+00
6.883834455035932720e+00
6.926473068846688896e+00
6.882505737246922273e+00
6.845453734742570795e+00
6.807845987087215889e+00
6.843935816893229607e+00
6.806135549202100066e+00
6.927107175372735348e+00
6.883497143013481256e+00
6.925343938930264009e+00
6.883284134751967542e+00
6.844641087450356487e+00
6.806618354337357069e+00
6.844689984593182785e+00
6.806670587006800055e+00
6.783860036820174244e+00
6.739526343096479799e+00
6.778887589247447387e+00
6.734627519482867974e+00
6.689087626292375077e+00
6.630433855008287303e+00
6.684598623755456437e+00
6.626902783115823148e+00
6.774480564265303428e+00
6.730304916047145980e+00
6.770702937014097422e+00
6.726615763763410527e+00
6.680699008282902973e+00
6.623992042755372012e+00
6.677419886190128828e+00
6.621676018938661201e+00
6.560453452212404279e+00
6.474699080940522933e+00
6.558749546058117552e+00
6.476136249242404830e+00
6.367590043185738402e+00
6.234958221509109499e+00
6.373957491014747845e+00
6.248091323375388306e+00
6.557753132068685709e+00
6.478508843129814565e+00
6.557331000950526345e+00
6.481501433816732494e+00
6.381798662804524902e+00
6.263804549748452466e+00
6.390526803118368626e+00
6.281220919865392993e+00
6.767673243339401346e+00
6.723648474589830393e+00
6.765830355734030022e+00
6.721792737381744764e+00
6.674803771777167327e+00
6.619917959487403358e+00
6.673163776806765313e+00
6.618912087722787163e+00
6.766178405269408280e+00
6.722083161978419596e+00
6.766304991952595493e+00
6.722328157246025171e+00
6.673539551694631200e+00
6.619652584859432309e+00
6.673952227626232414e+00
6.620342414018272947e+00
6.557310747440776133e+00
6.484715202695481295e+00
6.557694693523823837e+00
6.487834613388919536e+00
6.399387589590554981e+00
6.299145380777376069e+00
6.407555898233558977e+00
6.316005277015775299e+00
6.559336582286380946e+00
6.491399224616271724e+00
6.560541851251329604e+00
6.493621394645662015e+00
6.414937062436786519e+00
6.330523078894214173e+00
6.419201509002716577e+00
6.338939434648610316e+00
6.690803498175043273e+00
6.616292070606291098e+00
6.622417874659079828e+00
6.501785461850031922e+00
6.486417841138365503e+00
6.390774677717605101e+00
6.370347280392661737e+00
6.234550991598229785e+00
6.540595351069296903e+00
6.390682881389700754e+00
6.446731092961773157e+00
6.262490748670973773e+00
6.235785315234229742e+00
6.099849120374895683e+00
6.089505668475374556e+00
5.979713288318412978e+00
6.248519789975468974e+00
6.189548595155611288e+00
6.124069185589430475e+00
6.056501794684074902e+00
6.106038203919469609e+00
6.098167127584575908e+00
6.031423828075046956e+00
6.030244702166346116e+00
6.016504769199006120e+00
5.990072543992897458e+00
5.952485295902172346e+00
5.980921092844345033e+00
6.001918419912317226e+00
6.025531383967619448e+00
6.027095770096086547e+00
6.069249028059997997e+00
6.340999544782134123e+00
6.118075082684169885e+00
6.225881235090674259e+00
5.969041746263430426e+00
5.947678364809093843e+00
5.903533522014882351e+00
5.841929443619449991e+00
5.904609490798655713e+00
6.137014508114211786e+00
5.875936324879553752e+00
6.197603230895794013e+00
6.090208955577767647e+00
6.164427609290919818e+00
6.020817515985212864e+00
5.925951729505629650e+00
5.890577007592526115e+00
5.896906640700479763e+00
5.865567222812408055e+00
5.845299736093239495e+00
6.020022703996697366e+00
5.882880780908390506e+00
5.963290884795365621e+00
5.914738829196754644e+00
6.032603076388887153e+00
6.070331390972188323e+00
6.167993110659402589e+00
6.161698153384210563e+00
6.281255012152125339e+00
5.955740163366564310e+00
6.035726089135412309e+00
6.038650258682519478e+00
6.154384152249483542e+00
6.105657879220797390e+00
6.155809710290414571e+00
6.233992557954210589e+00
6.283115266316049663e+00
6.204416852246239067e+00
6.330690559068112400e+00
6.266452000215775087e+00
6.334854036557293178e+00
6.377724484538546790e+00
6.453708824121288323e+00
6.397943552632458619e+00
6.439646029144914685e+00
6.510976003917484434e+00
6.554577621223516282e+00
6.406403444719444451e+00
6.447568052960996887e+00
6.475740483933253522e+00
6.499250223019171102e+00
6.586528637591831270e+00
6.610000347758163031e+00
6.517515591796180452e+00
6.528611730918938427e+00
6.626062044973983767e+00
6.636330240862322150e+00
6.060399581605924624e+00
6.062390743913873337e+00
6.035981344104038193e+00
6.043234781636479980e+00
6.053980275610108208e+00
6.041956774140912145e+00
6.046415207220181109e+00
6.041618136999068689e+00
6.048440817574975092e+00
6.064096589166437568e+00
6.099766494792793203e+00
6.117794132521203743e+00
6.071326230300181592e+00
6.069414030313135200e+00
6.124440008562195281e+00
6.121203140957756972e+00
6.045187253287895857e+00
6.018910809284932384e+00
6.034796414045524138e+00
6.018442406921306720e+00
6.025214604375159766e+00
5.980431493728919357e+00
6.004304872546537553e+00
5.975126062599827925e+00
6.060195409284192536e+00
6.044147767890821754e+00
6.109660618236357976e+00
6.090967694370220897e+00
6.022762543260453683e+00
5.994389517819165292e+00
6.065501622040168073e+00
6.033097658951178666e+00
6.186829423414813789e+00
6.202229472668358667e+00
6.309464266582959446e+00
6.319139717616814700e+00
6.205200299461036018e+00
6.198310192108601235e+00
6.316415415047034188e+00
6.304292069725722314e+00
6.465138695984662398e+00
6.465904566364905293e+00
6.534759720396022153e+00
6.536941374225119894e+00
6.641557747169719583e+00
6.642400324166723991e+00
6.534412727179756075e+00
6.529950917061417393e+00
6.639674938623048028e+00
6.633459002018872397e+00
6.454282779680092119e+00
6.433367484919204848e+00
6.521015477940074412e+00
6.511542886334686919e+00
6.624733007428954323e+00
6.613213981270300579e+00
6.497841953410854465e+00
6.484574505764674868e+00
6.599995893221916710e+00
6.584545482865285848e+00
6.183357087281172504e+00
6.161326345351171518e+00
6.284703447263685128e+00
6.258497249500694970e+00
6.132179463368824912e+00
6.095018687378844113e+00
6.225194661097874338e+00
6.182812801302092431e+00
6.405258013535131134e+00
6.370928438070298405e+00
6.467230375577283752e+00
6.450968803294554021e+00
6.567939096316370851e+00
6.549454763792166290e+00
6.430413023742976186e+00
6.411413478163423996e+00
6.529938681620166108e+00
6.508574911227161586e+00
6.329774136477436919e+00
6.279032176850565250e+00
6.387034447521362068e+00
6.364790375702904512e+00
6.485626729104817301e+00
6.460406044928154401e+00
6.334516315971645994e+00
6.307492549096982870e+00
6.432022114913946709e+00
6.400367621303860055e+00
6.133657373638611965e+00
5.983918314775671377e+00
6.107222726113538336e+00
5.958164656184593788e+00
5.880278528937370019e+00
5.876289351979231412e+00
5.872750170460054875e+00
5.903601326041783892e+00
6.085269676772072422e+00
5.939067787542000154e+00
6.069142829832033570e+00
5.927048574854582697e+00
5.873458394591407838e+00
5.942681856572471055e+00
5.882667317415904762e+00
5.992380994739117561e+00
5.970002417765484459e+00
6.116763626109757546e+00
6.037656513056472107e+00
6.210821708957140252e+00
6.263973682403426224e+00
6.389115575398048641e+00
6.370431730319392472e+00
6.497965056412559726e+00
6.116625398439103023e+00
6.314452034732680019e+00
6.206553182886986875e+00
6.427797954275503045e+00
6.483726194161801182e+00
6.612302954506643182e+00
6.605175178247638001e+00
6.734070993091253676e+00
6.059422033121393270e+00
5.922114560950770823e+00
6.056278064486996016e+00
5.923825361293013181e+00
5.899205213908276235e+00
6.050642759516648539e+00
5.921044868365268776e+00
6.114645987798763116e+00
6.059609860044262497e+00
5.931471704159109848e+00
6.069064296901215627e+00
5.944240487052036670e+00
5.945574024326869988e+00
6.180754730356265547e+00
5.969855648410631765e+00
6.244321762292297961e+00
6.306056037466026609e+00
6.550440209240259826e+00
6.413477071524898321e+00
6.682067669178937130e+00
6.735215350751458274e+00
6.864339047655596104e+00
6.874360847059329593e+00
7.004250140094366195e+00
6.526832734794949076e+00
6.822320665967337661e+00
6.643379608052649488e+00
6.970124855116337947e+00
7.022957747029500375e+00
7.154649812072002568e+00
7.180188647648507505e+00
7.314763465329104264e+00
6.486413029493194315e+00
6.560361132297231279e+00
6.593914425172251903e+00
6.665067215823989422e+00
6.615460232850301381e+00
6.656738999050664241e+00
6.717847352576006514e+00
6.757307658913545012e+00
6.706217403922874354e+00
6.774923808293226379e+00
6.826085204140567519e+00
6.893285559039894927e+00
6.826057742430336361e+00
6.864833738560177423e+00
6.944187962341839437e+00
6.984010573362713359e+00
6.687133132897963073e+00
6.709268548247430353e+00
6.786747809937677012e+00
6.808429496610725273e+00
6.724572764226152799e+00
6.734257304119877219e+00
6.823760150250103962e+00
6.833708298672563686e+00
6.894489967053125667e+00
6.917004232071835901e+00
7.015706960164432182e+00
7.040874550158849665e+00
6.933554560521042909e+00
6.944883598503785116e+00
7.060351511469495023e+00
7.074598888141641950e+00
6.955288464509825630e+00
7.022656106827312783e+00
7.095697361583464868e+00
7.165762794525670998e+00
7.075559473967150126e+00
7.118974542317072718e+00
7.223862741758131811e+00
7.274419829790326197e+00
7.248827193555777981e+00
7.324996290039822888e+00
7.414171580623082569e+00
7.500370357861175563e+00
7.392506378494492658e+00
7.454827597889480906e+00
7.582156781966927106e+00
7.661501714360148263e+00
7.155349211554538513e+00
7.185747547661430978e+00
7.319110017449183658e+00
7.358261869241475850e+00
7.210549560021258131e+00
7.229857741803551008e+00
7.391650690287742798e+00
7.418922561813770855e+00
7.512519130823741342e+00
7.564910826061707283e+00
7.737376642134132787e+00
7.807779665714922324e+00
7.610995613648019464e+00
7.649853981896687749e+00
7.870743177513857880e+00
7.924717565194638880e+00
6.084096314604752642e+00
5.961472460984436061e+00
6.104078451300778418e+00
5.982993191713620540e+00
5.991131482737562131e+00
6.299492799434728063e+00
6.007712461801608228e+00
6.339255319007558676e+00
6.128381145100417982e+00
6.009382837652355036e+00
6.156274248128224436e+00
6.041863681062507929e+00
6.020333723004745785e+00
6.356370068186854461e+00
6.033625071519622907e+00
6.346383114480069310e+00
6.758787380256169541e+00
7.122242301562465627e+00
6.865841303525609618e+00
7.270583187299465955e+00
7.341924382220639700e+00
7.479399930336176894e+00
7.496921613563578113e+00
7.634303652488616976e+00
6.953014825998014459e+00
7.398303474012806191e+00
7.004356791946992011e+00
7.476871113694336657e+00
7.621977753671937528e+00
7.751283367876374619e+00
7.680204576397070326e+00
7.789491825536442704e+00
6.186459237586643845e+00
6.081214371574322541e+00
6.216571649195851812e+00
6.126000072638529304e+00
6.056168869996138682e+00
6.314420220661852490e+00
6.097036217353211107e+00
6.284800723483986218e+00
6.243504052390681736e+00
6.171651431800211363e+00
6.260597295065911894e+00
6.205280321439097690e+00
6.156024751579148635e+00
6.288762499322573696e+00
6.208650328084172720e+00
6.307656247985971021e+00
7.004305676380033319e+00
7.471713356470080392e+00
6.952236374474524361e+00
7.369537111712602950e+00
7.631664689957955439e+00
7.711580188682927606e+00
7.462833709378093872e+00
7.511930051405846243e+00
6.878615590879642916e+00
7.218748201618242710e+00
6.829932796506535730e+00
7.113399381609107230e+00
7.220723800293474604e+00
7.256887354453485095e+00
7.028368103159757574e+00
7.144179320888703444e+00
7.585660747350997823e+00
7.685126844876164931e+00
7.745922369515828798e+00
7.858684706536587683e+00
7.785285446819437460e+00
7.885777121500340492e+00
7.977304574339929566e+00
8.097766646461977302e+00
7.860843506701881367e+00
7.980603618894110518e+00
7.882503123643893161e+00
7.996353954462428248e+00
8.109304876212888757e+00
8.237762207191989816e+00
8.116715277160102104e+00
8.230382357402833193e+00
7.983331432061460120e+00
8.074248746868304849e+00
8.213805075118527199e+00
8.319889936981146761e+00
8.155560062265465149e+00
8.225245591904807085e+00
8.412592599748903055e+00
8.490212513873794720e+00
8.356737318720965035e+00
8.459894733770184416e+00
8.327942780050682003e+00
8.405176350015876707e+00
8.545310205665822778e+00
8.613332199728215954e+00
8.464483584266671912e+00
8.509733030796537534e+00
7.768669804554282798e+00
7.862815152464362356e+00
7.510623836180920776e+00
7.579334209139078737e+00
7.951347178102055935e+00
8.027910156709108236e+00
7.613704463887333240e+00
7.645966626179991898e+00
7.162932143014894670e+00
7.222848489119048310e+00
6.920002829955288703e+00
7.025528493756766579e+00
7.181936677700828220e+00
7.185422295625611078e+00
6.889400377489153904e+00
6.905855933713334061e+00
8.087782544631826553e+00
8.129880313801722380e+00
7.673958095993554274e+00
7.688834969050007295e+00
8.160892463283593301e+00
8.187810592277902089e+00
7.701060744064715635e+00
7.720149260134542502e+00
7.209738942344275259e+00
7.208361673584921192e+00
6.934346971022196549e+00
6.940401946657082100e+00
7.203730055983247560e+00
7.218244840466831569e+00
6.899915664820477801e+00
6.935186537323383860e+00
6.739133999098648964e+00
6.739758510660184498e+00
6.838962893696727718e+00
6.840029419652841725e+00
6.736789510878291587e+00
6.730491264215644698e+00
6.837406835501766977e+00
6.831473742994284670e+00
6.951505883284062826e+00
6.953830685655652211e+00
7.083922648142761958e+00
7.088599479415982785e+00
6.952258820616946444e+00
6.947184923507512266e+00
7.088947946593688876e+00
7.085351980334926303e+00
6.721529819725561516e+00
6.710018606345315106e+00
6.822718908525749804e+00
6.811487007289645845e+00
6.696634148620615790e+00
6.681356386644193179e+00
6.798265260818262767e+00
6.783328739651549810e+00
6.939060087112079778e+00
6.928327790414993359e+00
7.078278256723621986e+00
7.068253542849356919e+00
6.915476366838003486e+00
6.900924851577559416e+00
7.055851143324384900e+00
7.041625569206271251e+00
7.243720456716443046e+00
7.252247804225862460e+00
7.439803207908789240e+00
7.454191495257997069e+00
7.255668130021741824e+00
7.254349280512466080e+00
7.462202054786270189e+00
7.464183607136754439e+00
7.680818087014879225e+00
7.703521779324956853e+00
7.968617733123199542e+00
8.001792365472589097e+00
7.717934231079654595e+00
7.724389399589523642e+00
8.024073251843073962e+00
8.035852804072629141e+00
7.248803302570800078e+00
7.239668421238460994e+00
7.460723190769064317e+00
7.452625893066590734e+00
7.227670953207043780e+00
7.213550766217893262e+00
7.440856003913832062e+00
7.426427594969464252e+00
7.723598494790815394e+00
7.716620741733250632e+00
8.038082021557061196e+00
8.032194230381660915e+00
7.704767969997399213e+00
7.689439362686036006e+00
8.019928960615031244e+00
8.003118297129864445e+00
6.664788359997480427e+00
6.646727229575079221e+00
6.767072428624571145e+00
6.749591218628648193e+00
6.627563934894619813e+00
6.606843351979769352e+00
6.731044167495950248e+00
6.711208707185126521e+00
6.885071057035752062e+00
6.868146141149010120e+00
7.026070364040088556e+00
7.009531399060373147e+00
6.850275457451902916e+00
6.831323757704529598e+00
6.992177662542283123e+00
6.973931492391311160e+00
6.584547167219501951e+00
6.559895263112631270e+00
6.689826026242380763e+00
6.666171710144753071e+00
6.532164480645462845e+00
6.500207852681707976e+00
6.639275395212384190e+00
6.607645016884132083e+00
6.810947227413842953e+00
6.788398123064210310e+00
6.954436188950713138e+00
6.932915407589440804e+00
6.762488166270404832e+00
6.731378117978705333e+00
6.907997500785591605e+00
6.877441804179476037e+00
7.197971419284363570e+00
7.181421486534420140e+00
7.410261486867882219e+00
7.393040322324489821e+00
7.164155949024578085e+00
7.146159862050497580e+00
7.375135023020080283e+00
7.356606255978839215e+00
7.671912240006204975e+00
7.653122434997032819e+00
7.983444545370348422e+00
7.962134532859937330e+00
7.633582698328530647e+00
7.613451158504929595e+00
7.939879352918609356e+00
7.917022382563517979e+00
7.127111309710720377e+00
7.106240874746157843e+00
7.337207452558238252e+00
7.316235793114811869e+00
7.082038043102564906e+00
7.051797648093794280e+00
7.292096682671067143e+00
7.261528391362321422e+00
7.592610803551448129e+00
7.570500227528421888e+00
7.893722257547993060e+00
7.869678543024026141e+00
7.545480777362603142e+00
7.513519962593316670e+00
7.843178256619996347e+00
7.808859609638742150e+00
8.281996951549290387e+00
8.325040857913814207e+00
8.551931282606060947e+00
8.597410906494724614e+00
8.354319921249990344e+00
8.370644007537435982e+00
8.627584464204149484e+00
8.644681446392068480e+00
8.664545102519676689e+00
8.699440797510753498e+00
8.541674880146434390e+00
8.559901891093650406e+00
8.721204415614881356e+00
8.734985979481548313e+00
8.570017610225690419e+00
8.581579683573531625e+00
8.375485346716416757e+00
8.370701690313561372e+00
8.651093214905589690e+00
8.648608388532117885e+00
8.358257447343429902e+00
8.340106515387908814e+00
8.638362647787827697e+00
8.621265874892596770e+00
8.743765918748541921e+00
8.747595222486028277e+00
8.596125551632153972e+00
8.609902160404535820e+00
8.744846949161887650e+00
8.733693333920509616e+00
8.617997347478098646e+00
8.615557377140007134e+00
8.207767240603814685e+00
8.215102126431292007e+00
7.740890690378148697e+00
7.745077882311443673e+00
8.217818646502298208e+00
8.231303977685836770e+00
7.745253854065609289e+00
7.763508759638825474e+00
7.240555106702071697e+00
7.255119404278109307e+00
6.914258410384325870e+00
6.989778644865136670e+00
7.245925849422857112e+00
7.277692163449367868e+00
6.926396670721922888e+00
7.001247018342904305e+00
8.253128425375560795e+00
8.273310830120893300e+00
7.791386578674720731e+00
7.806622834843057746e+00
8.288699231000986600e+00
8.292158574393205583e+00
7.821021294392517476e+00
7.826465202036756885e+00
7.303245295075898369e+00
7.306994479248649199e+00
6.989813378147751166e+00
7.020849919268849604e+00
7.295852802903636025e+00
7.321521055393494848e+00
6.923665816082191782e+00
7.045356367007958198e+00
8.318159009696767470e+00
8.293896294688845927e+00
8.598905845093689493e+00
8.572948574066854732e+00
8.268275354220891771e+00
8.242112776201446778e+00
8.544783876539534972e+00
8.516235273358548241e+00
8.714904054711144710e+00
8.690716954307022846e+00
8.602766686195616685e+00
8.583820664171827985e+00
8.662920606564231463e+00
8.634679169369020357e+00
8.560006686821333588e+00
8.535116303541919081e+00
8.216258053846495102e+00
8.190937046520131659e+00
8.489566958593798063e+00
8.465954211643182958e+00
8.164247509862573082e+00
8.128294884786306795e+00
8.443322964727446589e+00
8.409503049994711432e+00
8.609896912854532403e+00
8.590685163997662244e+00
8.513279951573400339e+00
8.495584194897219277e+00
8.575380400484915455e+00
8.546344809333209724e+00
8.482625194265400737e+00
8.451129225980047011e+00
8.284589776774408776e+00
8.272218242877368510e+00
7.822945319693412891e+00
7.816866858335218105e+00
8.256284260161008248e+00
8.236664275577613381e+00
7.814714672897736136e+00
7.799218694217458392e+00
7.301599160868263105e+00
7.319549350593792525e+00
6.925919007292340446e+00
7.036660444805726833e+00
7.319998765493535231e+00
7.316980970426222086e+00
6.963799686700302694e+00
7.020020420656543081e+00
8.218559843889018168e+00
8.194207879391610660e+00
7.791503528031602066e+00
7.752190955335922062e+00
8.175498262663365878e+00
8.127578014573661136e+00
7.734614716770658482e+00
7.663003841680284367e+00
7.323001424511006441e+00
7.278886870487544236e+00
6.992279576676394548e+00
7.004258405022498302e+00
7.273510515977104518e+00
7.219384196222516259e+00
6.963466994966412749e+00
7.018898709992096308e+00
7.697105313883636057e+00
7.474781796930171751e+00
6.887342773422510334e+00
6.906432322756385744e+00
6.386900785692693816e+00
6.318897264735563901e+00
6.062751585828926260e+00
6.081038459157867671e+00
6.491191311550481124e+00
6.459880488415870481e+00
6.147026432988660360e+00
6.131450802858639193e+00
6.830489307375237296e+00
6.871896408464454709e+00
6.432418753986945070e+00
6.399057534320393259e+00
6.072871233968949234e+00
5.918775668385624300e+00
6.181750473992159378e+00
6.484257783717011669e+00
5.848477658453517414e+00
6.111552833928445061e+00
5.864204633846249237e+00
6.091871105813316589e+00
6.319336803499418842e+00
6.468191238024957102e+00
6.313911001879168872e+00
6.506120714023766460e+00
7.283527401876725094e+00
6.795350458964890983e+00
6.408094146686305059e+00
6.768373908510266546e+00
6.418907221839813992e+00
6.745395377840291751e+00
6.529429093747949331e+00
6.692061460137192164e+00
6.675842886493104977e+00
6.861941780821116055e+00
6.875194118942832056e+00
6.981087172227253390e+00
7.021671465242011578e+00
7.138136363273206442e+00
6.956535822398376645e+00
7.051281219444442527e+00
7.100051322344132387e+00
7.159813856283060218e+00
7.233614316687532408e+00
7.297487795270701127e+00
7.219367879341556105e+00
7.257761149355014929e+00
7.348085078169873441e+00
7.385830877850943388e+00
6.732601960888410453e+00
7.147051514180842169e+00
7.102266302230590078e+00
7.164220149906663337e+00
7.295499682059920055e+00
7.324537904967592716e+00
7.413413124885440908e+00
7.430440914222470994e+00
7.351621705427486830e+00
7.371560464624187681e+00
7.438108838530665068e+00
7.424929889765608415e+00
7.206990296419793829e+00
7.390685200257201437e+00
7.378215987539211262e+00
7.374731655233759398e+00
6.003513082167433623e+00
5.964001943202734246e+00
5.959279520163774713e+00
5.931943069913752531e+00
6.001206765458571013e+00
5.961555510195288399e+00
5.924197694666916369e+00
5.898062011787351011e+00
5.964235815285300113e+00
5.930955433400799670e+00
5.994457277364579895e+00
5.950241520150870933e+00
5.900274157282803245e+00
5.865671727192784068e+00
5.902309731676787408e+00
5.850902407954139406e+00
6.012747933797744082e+00
5.978008792600324028e+00
5.895740655084588333e+00
5.864998400542972945e+00
5.981215876611548410e+00
5.944439138725131855e+00
5.835980082098523702e+00
5.781356848138407223e+00
5.833358127634405754e+00
5.787718665461973444e+00
5.795527172250350745e+00
5.726427371665323562e+00
5.730893905204332839e+00
5.658029887029303318e+00
5.643226217017407897e+00
5.557129618292987239e+00
6.048557300234605805e+00
5.991762951566697026e+00
6.127954107820338336e+00
6.056550405581179852e+00
5.925205933088132149e+00
5.852364389451184756e+00
5.966669471077437059e+00
5.864024920830696708e+00
6.213473113217931498e+00
6.126224180585029266e+00
6.267584101526928464e+00
6.233126362793663944e+00
6.362682808758229669e+00
6.320242185967243742e+00
6.178785241971929132e+00
6.133791982240412999e+00
6.267970516409908655e+00
6.209690164614769081e+00
6.012161897923808063e+00
5.862017002552907918e+00
6.061579513094748961e+00
6.004868009770464532e+00
6.138647926013867107e+00
6.062942847895149256e+00
5.915851571103269535e+00
5.856467254856465132e+00
5.976498036508677281e+00
5.892134106622349599e+00
5.772649694370093343e+00
5.675222458327026764e+00
5.742535555395432922e+00
5.613905110827212219e+00
5.566661835491644617e+00
5.479404229870314502e+00
5.488204520154593702e+00
5.418477231058492549e+00
5.755848607219747670e+00
5.690507746764846608e+00
5.782712828808419303e+00
5.696096857995170737e+00
5.611305926578998182e+00
5.554131708834675329e+00
5.609967602051883162e+00
5.531621627080407499e+00
5.788097239841205166e+00
5.701874998879374878e+00
5.803246883184942639e+00
5.703287273645696764e+00
5.608609084444593940e+00
5.521787272136189806e+00
5.600777772236594565e+00
5.508170453714672732e+00
5.479578361337744674e+00
5.442193092753298878e+00
5.461985346437629119e+00
5.415793928027385462e+00
5.407047727610485133e+00
5.414475062456491905e+00
5.394557312225039425e+00
5.413223607277427796e+00
5.450522465391510529e+00
5.405277795842856392e+00
5.436288454970062745e+00
5.396149039646831902e+00
5.394244449651239393e+00
5.426713562349192443e+00
5.397517726816779771e+00
5.447212819083280699e+00
5.881894875564548819e+00
5.841179519290140121e+00
5.709710591713403893e+00
5.647657298373302659e+00
5.699167238478298536e+00
5.792898811777964951e+00
5.616087962521783439e+00
5.762869177214769323e+00
5.586019983114455023e+00
5.552030762582133683e+00
5.505465178109335334e+00
5.526741576817657098e+00
5.617476299715982613e+00
5.833201842850625596e+00
5.682680860179137206e+00
5.970050198570414857e+00
5.918363638020034401e+00
6.156186203377205679e+00
5.993593008267362521e+00
6.274582407566687614e+00
6.405817567513449440e+00
6.635891824056157517e+00
6.553609246509158659e+00
6.802468029904200186e+00
6.128025480276166448e+00
6.443115991985886026e+00
6.308236307589067060e+00
6.637217022368231412e+00
6.734899576425377177e+00
6.980609576472823541e+00
6.922349863490212307e+00
7.148916169707304036e+00
5.473529993588206466e+00
5.552509056413678756e+00
5.466253598175475403e+00
5.513795214454361826e+00
5.637079750949440360e+00
5.569443304146043161e+00
5.722500632427535372e+00
5.804862444596147419e+00
6.143949018130839157e+00
5.810077818980380115e+00
5.950805586957089055e+00
5.888940872067419008e+00
6.059944435514505123e+00
6.149609820853375375e+00
6.298284234594527575e+00
6.241319895902789128e+00
6.418346676403681172e+00
5.451265223923836167e+00
5.522575890595378567e+00
5.471334243777346451e+00
5.575383694495642750e+00
5.653601830823780539e+00
5.808435722753820585e+00
5.718449314069509626e+00
5.881983132668666236e+00
5.504542983020955127e+00
5.626403191829639105e+00
5.545218382351798425e+00
5.685108012277416023e+00
5.781382703514424293e+00
5.956074427497241253e+00
5.854698101997374060e+00
6.041635593320073383e+00
5.977209084489449431e+00
6.155383350211478977e+00
6.058456587587765618e+00
6.243415652918413272e+00
6.338743261479746316e+00
6.520135514862000825e+00
6.430476088583595207e+00
6.612823357499670429e+00
6.142454342095650333e+00
6.333869625229006317e+00
6.236629947063590862e+00
6.432186821703074209e+00
6.523461855714311142e+00
6.704868374134031583e+00
6.621821165674530718e+00
6.799597948045112972e+00
6.498167680846674621e+00
6.820693017663892910e+00
6.502905605943297473e+00
6.641536345755072013e+00
6.596992168343139618e+00
6.758097264753498479e+00
6.827927553895789536e+00
6.942340613911180291e+00
6.913318295365802335e+00
7.043247153285062012e+00
7.085492873981456441e+00
7.284795813315782631e+00
7.095164867177330414e+00
7.180780152689710150e+00
7.164047452074567168e+00
7.258852724063334705e+00
7.295265246323177522e+00
7.355013652678612068e+00
7.344830196515809817e+00
7.409198278159524698e+00
6.694538529915889491e+00
6.855046855418414964e+00
6.784561759573248807e+00
6.940562842486881934e+00
7.000276118930275793e+00
7.125425160771964528e+00
7.077902087016664900e+00
7.194683650094496841e+00
6.872395881538706064e+00
7.021479700676361624e+00
6.960104250314505414e+00
7.099255850634937914e+00
7.149465969844592372e+00
7.255769885616545345e+00
7.215275024539868021e+00
7.308902218082766744e+00
7.233026944780106327e+00
7.320911865543180852e+00
7.291793534572956759e+00
7.370361494667062807e+00
7.393837030184378989e+00
7.451309846679034621e+00
7.433356870854916920e+00
7.482912788784878977e+00
7.341839748166073321e+00
7.410141475448993376e+00
7.382735643116755675e+00
7.440166089107120406e+00
7.463752654251251784e+00
7.505501952659232145e+00
7.484605931771548981e+00
7.519011139914281827e+00
6.462311206472875824e+00
6.417197546288945453e+00
6.569306901777741459e+00
6.522053209178632294e+00
6.362354105720053887e+00
6.297275456890927714e+00
6.463346624674847440e+00
6.391419797406221015e+00
6.692548863634466549e+00
6.642953426149041718e+00
6.837990126229248844e+00
6.785539084964225864e+00
6.579366478545139785e+00
6.499217038237821598e+00
6.715781226486808642e+00
6.625349946549790481e+00
6.219845146498192534e+00
6.132059905993180848e+00
6.304883310738807367e+00
6.204422502533577521e+00
6.034112318842137945e+00
5.930315732384089600e+00
6.091553560460762462e+00
5.969708630293186324e+00
6.401120744212303038e+00
6.285732917189427837e+00
6.512897012540877384e+00
6.379880870564005768e+00
6.155686933798454774e+00
6.015890970405728844e+00
6.230873457694136697e+00
6.073787925423131284e+00
7.011286648249499542e+00
6.954967498964872874e+00
7.218966306376596975e+00
7.156895705130894569e+00
6.877046918854016866e+00
6.773365141144963353e+00
7.067575959854478285e+00
6.946311904752669797e+00
7.467096118405648575e+00
7.395961701373678032e+00
7.756016986921510536e+00
7.670661272323535229e+00
7.289970112326278340e+00
7.144783470636666856e+00
7.539963974872632591e+00
7.362082192530194469e+00
6.643139725176765431e+00
6.489746240194406823e+00
6.794120530257951707e+00
6.617947236903130026e+00
6.320986077774198186e+00
6.149208039276276239e+00
6.430203593630124281e+00
6.248638934161494518e+00
6.965589670057110716e+00
6.765051933867111345e+00
7.150345512565424499e+00
6.925261229191432832e+00
6.560797665196712813e+00
6.375596942582781423e+00
6.708140482544675542e+00
6.524451575508863677e+00
5.820542145644278520e+00
5.705656678540306892e+00
5.842187338967062438e+00
5.714592165275869107e+00
5.594289741689705053e+00
5.497833219029770291e+00
5.596616336445738860e+00
5.499988476431957096e+00
5.873042566209566218e+00
5.736294709092934596e+00
5.919396783060372869e+00
5.780169522171511254e+00
5.616910194412337631e+00
5.526646404492423947e+00
5.668141224412517332e+00
5.592940806025633371e+00
5.428110634419754277e+00
5.396922013354403802e+00
5.436982102750203438e+00
5.419047257453025068e+00
5.413900529432900122e+00
5.483599688740575573e+00
5.454528387550390711e+00
5.545635468789990696e+00
5.476420533080460729e+00
5.475497947623083839e+00
5.561274849988143032e+00
5.578248777772130573e+00
5.530229779376597321e+00
5.641332241410169424e+00
5.648515488527138473e+00
5.773867355339457497e+00
5.989915299229211065e+00
5.857999329671357280e+00
6.093310047407055841e+00
5.978851060139882101e+00
5.763624873936564086e+00
5.710977001123749730e+00
5.909068348948273375e+00
5.880141564680850585e+00
6.232846207847403619e+00
6.142690612654480908e+00
6.400574927014112347e+00
6.338569390778286738e+00
6.096865036477741029e+00
6.083977231704049693e+00
6.310258614014493617e+00
6.299940653703026250e+00
5.699958141377392984e+00
5.730605888692107186e+00
5.885317133385826516e+00
5.920707093064949689e+00
5.807314713872652412e+00
5.936913594488879120e+00
5.991693513636161761e+00
6.113485518492189463e+00
6.094895919112194527e+00
6.124500956706437904e+00
6.303339919210799280e+00
6.317218696153977575e+00
6.178535961958546707e+00
6.281067910314626523e+00
6.345845464594451535e+00
6.419875929647873569e+00
8.066903866878199381e+00
7.961385071209896580e+00
8.339798864205612006e+00
8.212338139592315400e+00
7.796435386828058256e+00
7.576527216191868419e+00
8.010171152714887555e+00
7.747357288848582435e+00
8.468362951981674769e+00
8.328971489359972225e+00
8.352673667350122955e+00
8.225116311998030838e+00
8.109153271509962124e+00
7.827023561613123626e+00
8.035377530472285201e+00
7.784267663999389519e+00
7.328269924589415396e+00
7.081093415539111646e+00
7.466112697038023605e+00
7.204191740184307413e+00
6.855681395459111371e+00
6.676100549853240196e+00
6.977544353080731732e+00
6.803584889026171645e+00
7.532519660813264295e+00
7.269347083238786311e+00
7.517728870650628892e+00
7.272813512336957942e+00
7.052087729657974258e+00
6.888389079302491780e+00
7.075525603383353790e+00
6.928900018548527662e+00
7.978888337340324100e+00
7.896718357876160610e+00
7.467064655037923160e+00
7.427237454075682699e+00
7.795309521664155028e+00
7.624073125948468643e+00
7.465476398667296287e+00
7.451489423593537609e+00
7.129247223989514382e+00
7.027187632318662835e+00
7.054239801995947801e+00
7.091223343700468362e+00
7.402261145909045936e+00
7.432224215220972319e+00
7.234855123663206378e+00
7.324904067161509325e+00
7.208938396347744693e+00
7.068530552392616073e+00
6.934886270295174349e+00
7.116202991101649111e+00
6.575272654006761641e+00
6.547228095305513307e+00
6.728592927648262112e+00
6.742753141278855722e+00
6.530894081224250414e+00
6.511135996221876887e+00
6.733033521676619948e+00
6.702206847628909614e+00
6.842127444763135280e+00
6.901691329976862299e+00
6.916777339387582657e+00
7.009248691837812295e+00
6.874255050262961575e+00
6.832115489723446622e+00
6.931017128339438393e+00
6.864522695680107311e+00
6.494539587697802041e+00
6.482380039252617188e+00
6.663157502562668810e+00
6.615320062960312164e+00
6.478030916096085612e+00
6.518430346950411014e+00
6.566549078340635504e+00
6.573906935975363020e+00
6.788699223078757505e+00
6.717940702463110370e+00
6.838010082112755406e+00
6.802320703442272354e+00
6.616428217369442422e+00
6.592400378587172760e+00
6.736999005803377294e+00
6.949534890004914978e+00
7.054630786592774427e+00
5.602937274175276983e+00
5.761857359998688644e+00
5.686336004448199866e+00
5.863597347235796065e+00
5.946543778255439783e+00
6.144099695357575719e+00
6.061694672524339467e+00
6.266767895092314689e+00
5.801109873311662390e+00
5.994241028431669172e+00
5.947668607651597661e+00
6.153002068751380449e+00
6.202783107871132628e+00
6.411473731840314549e+00
6.368690600097179910e+00
6.576875423897096340e+00
6.344640058059107801e+00
6.540863484440525788e+00
6.468786601461843588e+00
6.661014025255726168e+00
6.726874053226204353e+00
6.897157968222852986e+00
6.838311181639999070e+00
6.995745233084798897e+00
6.610013201385806170e+00
6.792291133700338435e+00
6.766387849108161490e+00
6.931727656783798430e+00
6.954169012535812655e+00
7.091737338661554091e+00
7.070160013037999569e+00
7.179545155349076779e+00
6.117895963104285073e+00
6.331945745758744692e+00
6.294964329691486782e+00
6.515840807452599748e+00
6.552125496618916856e+00
6.755876170408373405e+00
6.738789404604870192e+00
6.934096131097032156e+00
6.457884242688844090e+00
6.685589784841278416e+00
6.588051433968977300e+00
6.822224324562220055e+00
6.909357629911217380e+00
7.091318322668408669e+00
7.041365863770796096e+00
7.204165479716905907e+00
6.930619613280386559e+00
7.071879362388352241e+00
7.088377156231182141e+00
7.199731104810060955e+00
7.178893639415180772e+00
7.251905361126161687e+00
7.270045805388188676e+00
7.301403133301435311e+00
7.220040807458582677e+00
7.298666602213409682e+00
7.305521737495427992e+00
7.353675093015041853e+00
7.332499038834124683e+00
7.323148906081268450e+00
7.358036838075485697e+00
7.316703962750854551e+00
7.046646215555628423e+00
7.172015600602268393e+00
7.128898114326186253e+00
7.235822707889567162e+00
7.272909109006787887e+00
7.351745602817394420e+00
7.318293006762474739e+00
7.380727032053887804e+00
7.201942175702157556e+00
7.285243764534569344e+00
7.259346939994010484e+00
7.313930775756589675e+00
7.346400903671220561e+00
7.391884202114409774e+00
7.351974963557215581e+00
7.381595567661849877e+00
7.412413800427401611e+00
7.458963227940118124e+00
7.428112951134590247e+00
7.464668209105721708e+00
7.494888289279668214e+00
7.522916063777445927e+00
7.493489733054286006e+00
7.516707028565187798e+00
7.427134771632968757e+00
7.455723067556148109e+00
7.407460965946575548e+00
7.431360931672491787e+00
7.479721753954350127e+00
7.500293233588866570e+00
7.453654786421220813e+00
7.474235069803890852e+00
7.294102984944958123e+00
7.315718073447921022e+00
7.300766742539557264e+00
7.286457198846475691e+00
7.330510201447939522e+00
7.347371771633099513e+00
7.279497287556415230e+00
7.288703696651964492e+00
7.278553998163432404e+00
7.226266797650581886e+00
7.233575303491122099e+00
7.141282185243297498e+00
7.199561803286194106e+00
7.207840800802282288e+00
7.094963572888939751e+00
7.110341370679277517e+00
7.368326723059601235e+00
7.391987467729036254e+00
7.310777090351071372e+00
7.339520878484498745e+00
7.416349596935304156e+00
7.439871558857331202e+00
7.370046400483373894e+00
7.399408311693627560e+00
7.238191284460255837e+00
7.277718096064634601e+00
7.156739730904071450e+00
7.212466068932624985e+00
7.318353925495955536e+00
7.356006686086378643e+00
7.266427758854958618e+00
7.313867971004883728e+00
6.674012962054131748e+00
6.907403042664213011e+00
6.715938476193808349e+00
6.929946337588330785e+00
7.108036785207184849e+00
7.247951011146295919e+00
7.086284615151138944e+00
7.210201460229795245e+00
6.730343348254298697e+00
6.919742103040841918e+00
7.008554163453293739e+00
7.138015512365154969e+00
7.329453248590700909e+00
7.356974101296132496e+00
7.291517478619822690e+00
7.314006400023474797e+00
7.345009121212108916e+00
7.285798951407185697e+00
7.302380052403953492e+00
7.239396819570090180e+00
7.235161978881343714e+00
7.257213406326000538e+00
7.260284673229957519e+00
7.197817941061092739e+00
7.177765358701855725e+00
7.044040422432206405e+00
7.127380887830131684e+00
6.954710491020453134e+00
6.974190468106634455e+00
7.005021569836622497e+00
6.855870217820243084e+00
6.906236140003251478e+00
7.099880751168705650e+00
6.896914003756331013e+00
6.771206214236406673e+00
6.837174253371567367e+00
7.075178579180337657e+00
7.151463892343565831e+00
7.004537562257803884e+00
7.103226359383008059e+00
7.220498170013500250e+00
7.277659806742176940e+00
7.186357873934229978e+00
7.250645375889713584e+00
6.960703900809112277e+00
7.075204784398148483e+00
7.166745950162484391e+00
7.231954464378219427e+00
6.842143730790267497e+00
7.023199378328071951e+00
7.011047757808622549e+00
7.176466649749837501e+00
7.166207719519070096e+00
7.272157296874535604e+00
7.299844252467456052e+00
7.388654546597182460e+00
7.173596585714836493e+00
7.316367763352228160e+00
7.316419011482460100e+00
7.432577183728633408e+00
7.416644152037175530e+00
7.484961235533606150e+00
7.508522491828530931e+00
7.556410584811443343e+00
7.351642403484488497e+00
7.407007235566426040e+00
7.451795815496426556e+00
7.494605947170136062e+00
7.446590853437940360e+00
7.473307247211449678e+00
7.522085736984852389e+00
7.537609497003082915e+00
7.531364254408549286e+00
7.561091134964758709e+00
7.588068146287887394e+00
7.606633833362079322e+00
7.578195846663214219e+00
7.585149557097505379e+00
7.615725178230270842e+00
7.617391374563053041e+00
7.424369821418989268e+00
7.516497380270174666e+00
7.434916183532265244e+00
7.474868542870916954e+00
7.466680437545518245e+00
7.508532477807012384e+00
7.527864993147773909e+00
7.554022684053923520e+00
7.545563469761249031e+00
7.572258424973465907e+00
7.574171297537310110e+00
7.608816445689258856e+00
7.587935620830440264e+00
7.604988517049454444e+00
7.595773685935818698e+00
7.612916276907324864e+00
7.626276210769309394e+00
7.638164664790108915e+00
7.628124812935960009e+00
7.640683440824537875e+00
7.498076986481161832e+00
7.534251616658973916e+00
7.521998652863209678e+00
7.552430537723444637e+00
7.563469398566958546e+00
7.585967313091907194e+00
7.576378697181437971e+00
7.595076641890979197e+00
7.538013665807538288e+00
7.563326077013210025e+00
7.545789512100546048e+00
7.566785008511875965e+00
7.583161658873529554e+00
7.598783137444714342e+00
7.583405626379520648e+00
7.596703333350868448e+00
7.604227574413275903e+00
7.618545016712806373e+00
7.609975028422652166e+00
7.621928153175810294e+00
7.630558546194772696e+00
7.641494649050224908e+00
7.631934578101758682e+00
7.641459706383673556e+00
7.611276911909876652e+00
7.621471026104948088e+00
7.607519807449630633e+00
7.616533561197858404e+00
7.630120105359710969e+00
7.638628857309124776e+00
7.624359089271107059e+00
7.632357183313088989e+00
7.630072197115413069e+00
7.635230733549630777e+00
7.652501198287791517e+00
7.659730135020745401e+00
7.653691230068042195e+00
7.662444408883109404e+00
7.653809804628125768e+00
7.636979669111476632e+00
7.635752571085299145e+00
7.646780094767351876e+00
7.642266284508594687e+00
7.653068969963491064e+00
7.660557648635275108e+00
7.651753116103523489e+00
7.658784809122304971e+00
7.648705060827665214e+00
7.647904628183449738e+00
7.652548166779461702e+00
7.641512183914143996e+00
7.647421759633131089e+00
7.635819785613949584e+00
7.640762424438966249e+00
7.638198773623159354e+00
7.626422429962525840e+00
7.625709920226055871e+00
7.489668410569746193e+00
7.498059713172684049e+00
7.544286976521112464e+00
7.545054373085453570e+00
7.502147672794913902e+00
7.498851584905986023e+00
7.541014415081573219e+00
7.522065531924442716e+00
7.585468261499996423e+00
7.582744317207369633e+00
7.613652571915904055e+00
7.608034822512786732e+00
7.579144658527256162e+00
7.570272201598445605e+00
7.601117839912540752e+00
7.583406358218892862e+00
7.486568408021283538e+00
7.363610812015161322e+00
7.557219647002344054e+00
7.382736137199729320e+00
7.631095823421158109e+00
7.625675284615384797e+00
7.637752317209366204e+00
7.633182031148792568e+00
7.621147545606315354e+00
7.611585429805171721e+00
7.628726607602003718e+00
7.615801322680140650e+00
7.635818600355307240e+00
7.633608570745844091e+00
7.625826765112188710e+00
7.626235333813912831e+00
7.632382828948316877e+00
7.625249064471470106e+00
7.627237046390040298e+00
7.621407903716810317e+00
7.597971292816832367e+00
7.421684776431062502e+00
7.611238271443500736e+00
7.469719494355114620e+00
7.545072092113360718e+00
7.562821170590842357e+00
7.535754648369794140e+00
7.551604916159185166e+00
7.577220858771880785e+00
7.589046931450616817e+00
7.564934048039270387e+00
7.576237742305671041e+00
7.518115541087142084e+00
7.533624214221608106e+00
7.492956232775641823e+00
7.509763933135436886e+00
7.547134003922879586e+00
7.558902685086602347e+00
7.524699894761766039e+00
7.537875417734225536e+00
7.598913487382865206e+00
7.607331771169388190e+00
7.585926060007624372e+00
7.594371579188986310e+00
7.614784699366810905e+00
7.622489662611287464e+00
7.601987136608601148e+00
7.610008485565005643e+00
7.569181714311667974e+00
7.578237315206959757e+00
7.549462816216202299e+00
7.559689082166093144e+00
7.586405563889384140e+00
7.594790260606470333e+00
7.568893506314195996e+00
7.578253658417601457e+00
7.461656097098675389e+00
7.481313641912919365e+00
7.426195602074350255e+00
7.449951370026083097e+00
7.498775369813849956e+00
7.514143960876230821e+00
7.470730131611050595e+00
7.488803861879989476e+00
7.389185423035472766e+00
7.417741766908317658e+00
7.353915713897927198e+00
7.387188276674190313e+00
7.442147223005803447e+00
7.463034152831492740e+00
7.414916244788909871e+00
7.438233971608767980e+00
7.527616657062559113e+00
7.539445001556099868e+00
7.504527447517607364e+00
7.518276612159884742e+00
7.549964621937596654e+00
7.560222017690409579e+00
7.530474948508934396e+00
7.542243256832159126e+00
7.481052153390124637e+00
7.496787615634300295e+00
7.458201206403553662e+00
7.475680886843658612e+00
7.510779264526112442e+00
7.524100599378077625e+00
7.491520896611159941e+00
7.507173104033134869e+00
7.631068072011236048e+00
7.634268039246207671e+00
7.619345669505979579e+00
7.625415465369928647e+00
7.613117118126586647e+00
7.603866364836512126e+00
7.606845105171082366e+00
7.588653122649280824e+00
7.595436633700723306e+00
7.582456604455889426e+00
7.603515057177573588e+00
7.605429794723837844e+00
7.573637582579964445e+00
7.578846721393731833e+00
7.570595392153318670e+00
7.573959491975314151e+00
7.554371667162105730e+00
7.561831870518202159e+00
7.546940555516342464e+00
7.536998506384584573e+00
7.540646467892831772e+00
7.522907421340767620e+00
7.530160975431688719e+00
7.510317023816958759e+00
7.539289923263954307e+00
7.547917618077782720e+00
7.502832386601643755e+00
7.514675316299154417e+00
7.323820363887019624e+00
7.360790790200777423e+00
7.300716942101018958e+00
7.339399927639029819e+00
7.390935982056708653e+00
7.415853298480298506e+00
7.370664180029391055e+00
7.396061952182611421e+00
7.282826956761216941e+00
7.320378976830530071e+00
7.351526399717287497e+00
7.375998110590544776e+00
7.437060900982706890e+00
7.455587945415515172e+00
7.417648630504420026e+00
7.436065089420498708e+00
7.472723575439736976e+00
7.490400268236253822e+00
7.452946429883035684e+00
7.470973564883353291e+00
7.397303901033088103e+00
7.414425592456328040e+00
7.429691926006457336e+00
7.443571234397703407e+00
7.508210548976284926e+00
7.511680985820373913e+00
7.492862556926741746e+00
7.503085862957685315e+00
7.470829362950444974e+00
7.458307251909746860e+00
7.465212063149998301e+00
7.401159929112411717e+00
7.464906076406258251e+00
7.478847214561188395e+00
7.412660471037636256e+00
7.436477365152526886e+00
7.608826191914619841e+00
7.612550331057482467e+00
7.586033707491779410e+00
7.593400510703922635e+00
7.616852384459781078e+00
7.614440553397213485e+00
7.601247253158045503e+00
7.603798584752425427e+00
7.558973289187886024e+00
7.569729157141489750e+00
7.529510041131408649e+00
7.543456846604993160e+00
7.580392329579330735e+00
7.584059547702985071e+00
7.557664300037871818e+00
7.567645935360856946e+00
7.600780098365167881e+00
7.519549555750039360e+00
7.571797692829433934e+00
7.566400352184866840e+00
7.497675591802523520e+00
7.513448796423894294e+00
7.460806567596484307e+00
7.476295997218963763e+00
7.528913206724504370e+00
7.535126338765987697e+00
7.495271831000534846e+00
7.509539971113452062e+00
7.526489067483004725e+00
7.601505211500224846e+00
